(2046,68273,-9270.979039001095)
(2046,85542,-1292.977241818587)
(2046,65109,-1045.5863985894498)
(2046,71812,-759.85293279437)
(2046,50661,-523.5767995701865)
(2046,116891,20.919683322138432)
(2046,161171,24.752503114189892)
(2046,120945,28.181964527262824)
(2046,68248,28.58172867218917)
(2046,63161,28.58172867218917)
(2046,144770,28.581728672189172)
(2046,3805,28.581728672189172)
(2046,61813,28.581728672189172)
(2046,27599,28.581728672189172)
(2046,89148,51.77357478075726)
(2046,119751,90.38336206905777)
