(2046,175575,217.37065119284216)
(2046,16747,250.9980079602235)
(2046,91213,614.8170459575786)
(2046,18417,614.8170459575786)
(2046,123658,793.725393319379)
(2046,86306,804.2903207860921)
(2046,60737,972.1111047611824)
(2046,45408,1055.9209289830687)
(2046,80481,1270.4083989017113)
(2046,30084,1492.2391824964889)
(2046,80668,1652.2711641858355)
(2046,93926,1861.451046898636)
(2046,165871,2216.754384229342)
(2046,92805,3104.673895918883)
(2046,28627,4526.236019033924)
(2046,72253,5119.644640565884)
