(1535,117239,3.0)
(1535,173843,3.0)
(1535,30629,3.0)
(1535,58556,4.0)
(1535,136588,4.0)
(1535,38012,4.0)
(1535,38748,4.0)
(1535,23098,4.0)
(1535,109536,4.0)
(1535,13150,4.0)
(1535,161086,4.0)
(1535,173152,4.0)
(1535,147908,4.0)
(1535,31530,4.0)
(1535,8050,4.0)
(1535,55784,4.0)
(1535,2958,4.0)
(1535,103142,4.0)
(1535,27042,4.0)
(1535,136344,4.0)
(1535,135594,4.0)
(1535,126966,4.0)
(1535,145458,4.0)
(1535,128498,4.0)
(1535,127418,4.0)
(1535,101084,4.0)
(1535,170578,4.0)
(1535,3282,4.0)
(1535,67100,4.0)
(1535,20118,4.0)
(1535,115278,4.0)
(1535,94780,4.0)
(1535,19160,4.0)
(1535,29316,4.0)
(1535,86342,4.0)
(1535,32890,4.0)
(1535,75694,4.0)
(1535,105112,4.0)
(1535,141330,4.0)
(1535,85778,4.0)
(1535,55708,4.0)
(1535,12682,4.0)
(1535,41160,4.0)
(1535,68560,4.0)
(1535,138994,4.0)
(1535,122200,4.0)
(1535,137312,4.0)
(1535,17820,4.0)
(1535,48748,4.0)
(1535,154012,4.0)
(1535,140440,4.0)
(1535,153556,4.0)
(1535,84306,4.0)
(1535,76770,4.0)
(1535,60784,4.0)
(1535,123438,4.0)
(1535,111400,4.0)
(1535,135248,4.0)
(1535,75918,4.0)
(1535,159778,4.0)
(1535,168006,4.0)
(1535,147916,4.0)
(1535,128876,4.0)
(1535,141436,4.0)
(1535,42974,4.0)
(1535,93194,4.0)
(1535,111384,4.0)
(1535,123040,4.0)
(1535,169888,4.0)
(1535,22252,4.0)
(1535,14714,4.0)
(1535,95622,4.0)
(1535,7032,4.0)
(1535,31782,4.0)
(1535,135796,4.0)
(1535,59258,4.0)
(1535,166366,4.0)
(1535,106586,4.0)
(1535,165162,4.0)
(1535,100398,4.0)
(1535,139254,4.0)
(1535,122912,4.0)
(1535,11886,4.0)
(1535,10890,4.0)
(1535,9516,4.0)
(1535,167270,4.0)
(1535,87604,4.0)
(1535,25302,4.0)
(1535,50356,4.0)
(1535,177536,4.0)
(1535,149456,4.0)
(1535,137992,4.0)
(1535,37796,4.0)
(1535,133544,4.0)
(1535,91878,4.0)
(1535,169786,4.0)
(1535,123250,4.0)
(1535,33034,4.0)
(1535,102590,4.0)
(1535,80584,4.0)
(1535,19570,4.0)
(1535,38254,4.0)
(1535,95776,4.0)
(1535,11052,4.0)
(1535,51694,4.0)
(1535,145224,4.0)
(1535,56122,4.0)
(1535,5084,4.0)
(1535,11670,4.0)
(1535,174478,4.0)
(1535,2612,4.0)
(1535,125964,4.0)
(1535,63326,4.0)
(1535,53350,4.0)
(1535,118574,4.0)
(1535,99986,4.0)
(1535,126106,4.0)
(1535,139948,4.0)
(1535,46830,4.0)
(1535,95682,4.0)
(1535,31422,4.0)
(1535,66292,4.0)
(1535,50016,4.0)
(1535,51796,4.0)
(1535,31410,4.0)
(1535,124302,4.0)
(1535,39478,4.0)
(1535,102910,4.0)
(1535,169950,4.0)
(1535,142298,4.0)
(1535,70144,4.0)
(1535,78956,4.0)
(1535,109564,4.0)
(1535,70386,4.0)
(1535,160494,4.0)
(1535,151268,4.0)
(1535,157078,4.0)
(1535,19508,4.0)
(1535,148490,4.0)
(1535,105272,4.0)
(1535,34244,4.0)
(1535,103424,4.0)
(1535,63486,4.0)
(1535,132322,4.0)
(1535,171516,4.0)
(1535,69968,4.0)
(1535,532,4.0)
(1535,19040,4.0)
(1535,114286,4.0)
(1535,71542,4.0)
(1535,140004,4.0)
(1535,157906,4.0)
(1535,22838,4.0)
(1535,149364,4.0)
(1535,90350,4.0)
(1535,30822,4.0)
(1535,32692,4.0)
(1535,23164,4.0)
(1535,37100,4.0)
(1535,174274,4.0)
(1535,53066,4.0)
(1535,98822,4.0)
(1535,156316,4.0)
(1535,92804,4.0)
(1535,113596,4.0)
(1535,97692,4.0)
(1535,81050,4.0)
(1535,47780,4.0)
(1535,40276,4.0)
(1535,127000,4.0)
(1535,138674,4.0)
(1535,165334,4.0)
(1535,7698,4.0)
(1535,129050,4.0)
(1535,150666,4.0)
(1535,132574,4.0)
(1535,129010,4.0)
(1535,85708,4.0)
(1535,82206,4.0)
(1535,71478,4.0)
(1535,103500,4.0)
(1535,165186,4.0)
(1535,160624,4.0)
(1535,78296,4.0)
(1535,101060,4.0)
(1535,25794,4.0)
(1535,14136,4.0)
(1535,152340,4.0)
(1535,42484,4.0)
(1535,52960,4.0)
(1535,143024,4.0)
(1535,119652,4.0)
(1535,165220,4.0)
(1535,25318,4.0)
(1535,52588,4.0)
(1535,71064,4.0)
(1535,85566,4.0)
(1535,55222,4.0)
(1535,116304,4.0)
(1535,104732,4.0)
(1535,72932,4.0)
(1535,131238,4.0)
(1535,140730,4.0)
(1535,86352,4.0)
(1535,99082,4.0)
(1535,93624,4.0)
(1535,128820,4.0)
(1535,90862,4.0)
(1535,49550,4.0)
(1535,157996,4.0)
(1535,164608,4.0)
(1535,57618,4.0)
(1535,133098,4.0)
(1535,63260,4.0)
(1535,110400,4.0)
(1535,157748,4.0)
(1535,12106,4.0)
(1535,20338,4.0)
(1535,139264,4.0)
(1535,27382,4.0)
(1535,57292,4.0)
(1535,52628,4.0)
(1535,76506,4.0)
(1535,153208,4.0)
(1535,38712,4.0)
(1535,121030,4.0)
(1535,73312,4.0)
(1535,146294,4.0)
(1535,45680,4.0)
(1535,95480,4.0)
(1535,155466,4.0)
(1535,58186,4.0)
(1535,23604,4.0)
(1535,89448,4.0)
(1535,1088,4.0)
(1535,115148,4.0)
(1535,156216,4.0)
(1535,163872,4.0)
(1535,90260,4.0)
(1535,177588,4.0)
(1535,93856,4.0)
(1535,100808,4.0)
(1535,32710,4.0)
(1535,73334,4.0)
(1535,47538,4.0)
(1535,91744,4.0)
(1535,166860,4.0)
(1535,125460,4.0)
(1535,102962,4.0)
(1535,61370,4.0)
(1535,109798,4.0)
(1535,115512,4.0)
(1535,5298,4.0)
(1535,53446,4.0)
(1535,128966,4.0)
(1535,55496,4.0)
(1535,90058,4.0)
(1535,161888,4.0)
(1535,105010,4.0)
(1535,115360,4.0)
(1535,129142,4.0)
(1535,169134,4.0)
(1535,114412,4.0)
(1535,142922,4.0)
(1535,54822,4.0)
(1535,111054,4.0)
(1535,25506,4.0)
(1535,65996,4.0)
(1535,11148,4.0)
(1535,31806,4.0)
(1535,76678,4.0)
(1535,48214,4.0)
(1535,127832,4.0)
(1535,66708,4.0)
(1535,92466,4.0)
(1535,13104,4.0)
(1535,121598,4.0)
(1535,162540,4.0)
(1535,95438,4.0)
(1535,17290,4.0)
(1535,144206,4.0)
(1535,49240,4.0)
(1535,9786,4.0)
(1535,44574,4.0)
(1535,100606,4.0)
(1535,135512,4.0)
(1535,71480,4.0)
(1535,36114,4.0)
(1535,112174,4.0)
(1535,5192,4.0)
(1535,92254,4.0)
(1535,120450,4.0)
(1535,91854,4.0)
(1535,71436,4.0)
(1535,74076,4.0)
(1535,27072,4.0)
(1535,94618,4.0)
(1535,71356,4.0)
(1535,73694,4.0)
(1535,142952,4.0)
(1535,84938,4.0)
(1535,163090,4.0)
(1535,70742,4.0)
(1535,92482,4.0)
(1535,56048,4.0)
(1535,118482,4.0)
(1535,21792,4.0)
(1535,24478,4.0)
(1535,76352,4.0)
(1535,2444,4.0)
(1535,92740,4.0)
(1535,111708,4.0)
(1535,155908,4.0)
(1535,133434,4.0)
(1535,16668,4.0)
(1535,108512,4.0)
(1535,175668,4.0)
(1535,12002,4.0)
(1535,30164,4.0)
(1535,1178,4.0)
(1535,1996,4.0)
(1535,87996,4.0)
(1535,15274,4.0)
(1535,52602,4.0)
(1535,45568,4.0)
(1535,32912,4.0)
(1535,95272,4.0)
(1535,138906,4.0)
(1535,41432,4.0)
(1535,65220,4.0)
(1535,30184,4.0)
(1535,77964,4.0)
(1535,105600,4.0)
(1535,50334,4.0)
(1535,163012,4.0)
(1535,100142,4.0)
(1535,177882,4.0)
(1535,163428,4.0)
(1535,24196,4.0)
(1535,89598,4.0)
(1535,143630,4.0)
(1535,54348,4.0)
(1535,29934,4.0)
(1535,44018,4.0)
(1535,113658,4.0)
(1535,16552,4.0)
(1535,91992,4.0)
(1535,86796,4.0)
(1535,145852,4.0)
(1535,24614,4.0)
(1535,132342,4.0)
(1535,89478,4.0)
(1535,140366,4.0)
(1535,142566,4.0)
(1535,87184,4.0)
(1535,112984,4.0)
(1535,39364,4.0)
(1535,173516,4.0)
(1535,49910,4.0)
(1535,71194,4.0)
(1535,9044,4.0)
(1535,73132,4.0)
(1535,43080,4.0)
(1535,18552,4.0)
(1535,119970,4.0)
(1535,41404,4.0)
(1535,490,4.0)
(1535,76746,4.0)
(1535,133360,4.0)
(1535,12318,4.0)
(1535,146406,4.0)
(1535,15188,4.0)
(1535,30880,4.0)
(1535,35438,4.0)
(1535,170986,4.0)
(1535,171158,4.0)
(1535,109126,4.0)
(1535,108194,4.0)
(1535,72542,4.0)
(1535,135504,4.0)
(1535,45152,4.0)
(1535,21614,4.0)
(1535,130128,4.0)
(1535,103244,4.0)
(1535,49652,4.0)
(1535,70914,4.0)
(1535,88084,4.0)
(1535,24028,4.0)
(1535,1348,4.0)
(1535,73708,4.0)
(1535,33114,4.0)
(1535,147404,4.0)
(1535,120894,4.0)
(1535,111666,4.0)
(1535,122298,4.0)
(1535,106710,4.0)
(1535,160626,4.0)
(1535,167420,4.0)
(1535,16740,4.0)
(1535,70308,4.0)
(1535,126208,4.0)
(1535,66338,4.0)
(1535,174122,4.0)
(1535,130520,4.0)
(1535,16920,4.0)
(1535,57358,4.0)
(1535,108528,4.0)
(1535,43430,4.0)
(1535,162070,4.0)
(1535,109340,4.0)
(1535,21676,4.0)
(1535,49364,4.0)
(1535,1698,4.0)
(1535,105530,4.0)
(1535,33700,4.0)
(1535,142928,4.0)
(1535,68220,4.0)
(1535,155166,4.0)
(1535,62652,4.0)
(1535,113852,4.0)
(1535,70588,4.0)
(1535,83716,4.0)
(1535,150094,4.0)
(1535,116532,4.0)
(1535,108332,4.0)
(1535,164474,4.0)
(1535,5792,4.0)
(1535,30244,4.0)
(1535,145612,4.0)
(1535,107876,4.0)
(1535,89444,4.0)
(1535,149208,4.0)
(1535,110166,4.0)
(1535,83310,4.0)
(1535,98952,4.0)
(1535,128980,4.0)
(1535,99586,4.0)
(1535,3936,4.0)
(1535,84742,4.0)
(1535,100556,4.0)
(1535,102496,4.0)
(1535,160616,4.0)
(1535,108918,4.0)
(1535,35334,4.0)
(1535,152460,4.0)
(1535,22210,4.0)
(1535,143396,4.0)
(1535,130672,4.0)
(1535,29910,4.0)
(1535,90556,4.0)
(1535,73384,4.0)
(1535,175416,4.0)
(1535,150856,4.0)
(1535,34316,4.0)
(1535,22740,4.0)
(1535,154780,4.0)
(1535,29184,4.0)
(1535,23872,4.0)
(1535,151958,4.0)
(1535,148486,4.0)
(1535,161732,4.0)
(1535,146160,4.0)
(1535,32826,4.0)
(1535,30914,4.0)
(1535,153336,4.0)
(1535,31740,4.0)
(1535,3660,4.0)
(1535,148456,4.0)
(1535,39626,4.0)
(1535,112102,4.0)
(1535,84206,4.0)
(1535,13634,4.0)
(1535,4254,4.0)
(1535,164058,4.0)
(1535,175196,4.0)
(1535,151294,4.0)
(1535,107964,4.0)
(1535,78292,4.0)
(1535,79904,4.0)
(1535,108274,4.0)
(1535,26236,4.0)
(1535,107654,4.0)
(1535,122938,4.0)
(1535,124984,4.0)
(1535,111398,4.0)
(1535,155826,4.0)
(1535,110598,4.0)
(1535,103028,4.0)
(1535,91578,4.0)
(1535,128736,4.0)
(1535,10624,4.0)
(1535,42724,4.0)
(1535,121276,4.0)
(1535,148218,4.0)
(1535,167070,4.0)
(1535,35760,4.0)
(1535,165425,4.0)
(1535,101855,4.0)
(1535,135039,4.0)
(1535,28233,4.0)
(1535,141131,4.0)
(1535,166423,4.0)
(1535,91061,4.0)
(1535,166983,4.0)
(1535,36359,4.0)
(1535,35469,4.0)
(1535,35671,4.0)
(1535,142979,4.0)
(1535,76455,4.0)
(1535,173363,4.0)
(1535,16347,4.0)
(1535,75065,4.0)
(1535,47241,4.0)
(1535,132327,4.0)
(1535,83989,4.0)
(1535,89779,4.0)
(1535,113919,4.0)
(1535,57683,4.0)
(1535,138481,4.0)
(1535,64613,4.0)
(1535,46217,4.0)
(1535,76337,4.0)
(1535,114177,4.0)
(1535,163515,4.0)
(1535,123137,4.0)
(1535,30899,4.0)
(1535,125669,4.0)
(1535,6303,4.0)
(1535,133917,4.0)
(1535,133681,4.0)
(1535,85459,4.0)
(1535,45675,4.0)
(1535,66899,4.0)
(1535,142557,4.0)
(1535,86955,4.0)
(1535,127821,4.0)
(1535,19293,4.0)
(1535,47665,4.0)
(1535,56779,4.0)
(1535,129039,4.0)
(1535,33033,4.0)
(1535,113911,4.0)
(1535,165205,4.0)
(1535,158949,4.0)
(1535,138433,4.0)
(1535,62025,4.0)
(1535,34505,4.0)
(1535,61755,4.0)
(1535,10651,4.0)
(1535,132153,4.0)
(1535,103733,4.0)
(1535,146275,4.0)
(1535,146305,4.0)
(1535,167973,4.0)
(1535,78015,4.0)
(1535,28871,4.0)
(1535,39721,4.0)
(1535,23307,4.0)
(1535,58875,4.0)
(1535,45585,4.0)
(1535,94697,4.0)
(1535,176819,4.0)
(1535,172467,4.0)
(1535,68877,4.0)
(1535,101197,4.0)
(1535,102911,4.0)
(1535,13453,4.0)
(1535,48067,4.0)
(1535,18945,4.0)
(1535,71727,4.0)
(1535,103661,4.0)
(1535,69743,4.0)
(1535,11469,4.0)
(1535,139025,4.0)
(1535,42793,4.0)
(1535,267,4.0)
(1535,93195,4.0)
(1535,46015,4.0)
(1535,62289,4.0)
(1535,67745,4.0)
(1535,40709,4.0)
(1535,27243,4.0)
(1535,137593,4.0)
(1535,145943,4.0)
(1535,173541,4.0)
(1535,130919,4.0)
(1535,25321,4.0)
(1535,27507,4.0)
(1535,70715,4.0)
(1535,76143,4.0)
(1535,104765,4.0)
(1535,7899,4.0)
(1535,161603,4.0)
(1535,71807,4.0)
(1535,131105,4.0)
(1535,151773,4.0)
(1535,76341,4.0)
(1535,41993,4.0)
(1535,133655,4.0)
(1535,140571,4.0)
(1535,95063,4.0)
(1535,5599,4.0)
(1535,31881,4.0)
(1535,111899,4.0)
(1535,69691,4.0)
(1535,163429,4.0)
(1535,59131,4.0)
(1535,97205,4.0)
(1535,20377,4.0)
(1535,4791,4.0)
(1535,85151,4.0)
(1535,94461,4.0)
(1535,91065,4.0)
(1535,59755,4.0)
(1535,170201,4.0)
(1535,146205,4.0)
(1535,164881,4.0)
(1535,161955,4.0)
(1535,132483,4.0)
(1535,40055,4.0)
(1535,153001,4.0)
(1535,167867,4.0)
(1535,132227,4.0)
(1535,141249,4.0)
(1535,68255,4.0)
(1535,138313,4.0)
(1535,101153,4.0)
(1535,117143,4.0)
(1535,86841,4.0)
(1535,38295,4.0)
(1535,76391,4.0)
(1535,144455,4.0)
(1535,46135,4.0)
(1535,120971,4.0)
(1535,59737,4.0)
(1535,158417,4.0)
(1535,156319,4.0)
(1535,35569,4.0)
(1535,152783,4.0)
(1535,117471,4.0)
(1535,130659,4.0)
(1535,5743,4.0)
(1535,109855,4.0)
(1535,90253,4.0)
(1535,101495,4.0)
(1535,111383,4.0)
(1535,146187,4.0)
(1535,15647,4.0)
(1535,124273,4.0)
(1535,53181,4.0)
(1535,173593,4.0)
(1535,131715,4.0)
(1535,70115,4.0)
(1535,41357,4.0)
(1535,137625,4.0)
(1535,33591,4.0)
(1535,74189,4.0)
(1535,156053,4.0)
(1535,21527,4.0)
(1535,150703,4.0)
(1535,13159,4.0)
(1535,159785,4.0)
(1535,146659,4.0)
(1535,127309,4.0)
(1535,115599,4.0)
(1535,42565,4.0)
(1535,41931,4.0)
(1535,145011,4.0)
(1535,68093,4.0)
(1535,29541,4.0)
(1535,65315,4.0)
(1535,166967,4.0)
(1535,123245,4.0)
(1535,62405,4.0)
(1535,118215,4.0)
(1535,24661,4.0)
(1535,142245,4.0)
(1535,67243,4.0)
(1535,104503,4.0)
(1535,151879,4.0)
(1535,2245,4.0)
(1535,41701,4.0)
(1535,4049,4.0)
(1535,9657,4.0)
(1535,76611,4.0)
(1535,136371,4.0)
(1535,24273,4.0)
(1535,79603,4.0)
(1535,178051,4.0)
(1535,20979,4.0)
(1535,142915,4.0)
(1535,166605,4.0)
(1535,170131,4.0)
(1535,14529,4.0)
(1535,47385,4.0)
(1535,161933,4.0)
(1535,46051,4.0)
(1535,41939,4.0)
(1535,94021,4.0)
(1535,66529,4.0)
(1535,105533,4.0)
(1535,129539,4.0)
(1535,33673,4.0)
(1535,132045,4.0)
(1535,159193,4.0)
(1535,102303,4.0)
(1535,148977,4.0)
(1535,162927,4.0)
(1535,24957,4.0)
(1535,115095,4.0)
(1535,19693,4.0)
(1535,124243,4.0)
(1535,126801,4.0)
(1535,10885,4.0)
(1535,82769,4.0)
(1535,130955,4.0)
(1535,140573,4.0)
(1535,50085,4.0)
(1535,6699,4.0)
(1535,67435,4.0)
(1535,91891,4.0)
(1535,154735,4.0)
(1535,99761,4.0)
(1535,137299,4.0)
(1535,71487,4.0)
(1535,11467,4.0)
(1535,164811,4.0)
(1535,27773,4.0)
(1535,137383,4.0)
(1535,144555,4.0)
(1535,47847,4.0)
(1535,132097,4.0)
(1535,49899,4.0)
(1535,102369,4.0)
(1535,138279,4.0)
(1535,93207,4.0)
(1535,66387,4.0)
(1535,81471,4.0)
(1535,39627,4.0)
(1535,55357,4.0)
(1535,148945,4.0)
(1535,152517,4.0)
(1535,22089,4.0)
(1535,50537,4.0)
(1535,122157,4.0)
(1535,154779,4.0)
(1535,162865,4.0)
(1535,99965,4.0)
(1535,38959,4.0)
(1535,40511,4.0)
(1535,23461,4.0)
(1535,92365,4.0)
(1535,50841,4.0)
(1535,33649,4.0)
(1535,39383,4.0)
(1535,79753,4.0)
(1535,76207,4.0)
(1535,22643,4.0)
(1535,117137,4.0)
(1535,135723,4.0)
(1535,122609,4.0)
(1535,127227,4.0)
(1535,45969,4.0)
(1535,25233,4.0)
(1535,148495,4.0)
(1535,138749,4.0)
(1535,28105,4.0)
(1535,154525,4.0)
(1535,106207,4.0)
(1535,120221,4.0)
(1535,127067,4.0)
(1535,172961,4.0)
(1535,141321,4.0)
(1535,81257,4.0)
(1535,104833,4.0)
(1535,102345,4.0)
(1535,125267,4.0)
(1535,51719,4.0)
(1535,46955,4.0)
(1535,171187,4.0)
(1535,150369,4.0)
(1535,3985,4.0)
(1535,47291,4.0)
(1535,6937,4.0)
(1535,24177,4.0)
(1535,154847,4.0)
(1535,36657,4.0)
(1535,167535,4.0)
(1535,82611,4.0)
(1535,155005,4.0)
(1535,81383,4.0)
(1535,31843,4.0)
(1535,127491,4.0)
(1535,10535,4.0)
(1535,159627,4.0)
(1535,171185,4.0)
(1535,885,4.0)
(1535,163053,4.0)
(1535,104911,4.0)
(1535,136193,4.0)
(1535,46229,4.0)
(1535,90271,4.0)
(1535,156341,4.0)
(1535,158783,4.0)
(1535,31165,4.0)
(1535,105319,4.0)
(1535,110173,4.0)
(1535,169519,4.0)
(1535,106599,4.0)
(1535,82757,4.0)
(1535,149421,4.0)
(1535,101505,4.0)
(1535,117253,4.0)
(1535,167099,4.0)
(1535,34721,4.0)
(1535,41067,4.0)
(1535,100325,4.0)
(1535,103129,4.0)
(1535,37269,4.0)
(1535,24603,4.0)
(1535,51385,4.0)
(1535,165121,4.0)
(1535,30473,4.0)
(1535,7929,4.0)
(1535,36347,4.0)
(1535,65273,4.0)
(1535,66091,4.0)
(1535,113269,4.0)
(1535,68547,4.0)
(1535,13011,4.0)
(1535,3267,4.0)
(1535,45375,4.0)
(1535,155623,4.0)
(1535,82865,4.0)
(1535,37725,4.0)
(1535,15579,4.0)
(1535,43963,4.0)
(1535,136393,4.0)
(1535,124657,4.0)
(1535,64525,4.0)
(1535,41081,4.0)
(1535,77357,4.0)
(1535,164527,4.0)
(1535,63753,4.0)
(1535,69689,4.0)
(1535,139333,4.0)
(1535,51891,4.0)
(1535,104343,4.0)
(1535,58613,4.0)
(1535,135149,4.0)
(1535,9557,4.0)
(1535,83311,4.0)
(1535,111243,4.0)
(1535,132889,4.0)
(1535,51205,4.0)
(1535,103695,4.0)
(1535,11909,4.0)
(1535,85719,4.0)
(1535,137025,4.0)
(1535,133945,4.0)
(1535,106151,4.0)
(1535,72105,4.0)
(1535,89741,4.0)
(1535,133099,4.0)
(1535,109193,4.0)
(1535,12519,4.0)
(1535,57341,4.0)
(1535,129291,4.0)
(1535,15941,4.0)
(1535,142345,4.0)
(1535,13537,4.0)
(1535,81201,4.0)
(1535,153515,4.0)
(1535,28537,4.0)
(1535,97065,4.0)
(1535,159651,4.0)
(1535,97469,4.0)
(1535,169399,4.0)
(1535,59395,4.0)
(1535,55083,4.0)
(1535,98083,4.0)
(1535,55999,4.0)
(1535,136367,4.0)
(1535,1385,4.0)
(1535,79845,4.0)
(1535,50637,4.0)
(1535,22321,4.0)
(1535,173559,4.0)
(1535,145763,4.0)
(1535,41419,4.0)
(1535,167753,4.0)
(1535,89533,4.0)
(1535,55507,4.0)
(1535,170653,4.0)
(1535,136179,4.0)
(1535,38115,4.0)
(1535,132375,4.0)
(1535,159141,4.0)
(1535,91233,4.0)
(1535,96013,4.0)
(1535,36971,4.0)
(1535,162135,4.0)
(1535,55503,4.0)
(1535,12443,4.0)
(1535,18395,4.0)
(1535,54093,4.0)
(1535,133799,4.0)
(1535,101771,4.0)
(1535,95975,4.0)
(1535,48733,4.0)
(1535,117429,4.0)
(1535,80085,4.0)
(1535,31067,4.0)
(1535,90503,4.0)
(1535,168305,4.0)
(1535,42333,4.0)
(1535,24897,4.0)
(1535,69733,4.0)
(1535,26697,4.0)
(1535,17211,4.0)
(1535,21125,4.0)
(1535,46055,4.0)
(1535,13843,4.0)
(1535,8807,4.0)
(1535,144585,4.0)
(1535,4583,4.0)
(1535,12457,4.0)
(1535,164819,4.0)
(1535,54951,4.0)
(1535,121045,4.0)
(1535,71669,4.0)
(1535,50629,4.0)
(1535,9525,4.0)
(1535,953,4.0)
(1535,96903,4.0)
(1535,92581,4.0)
(1535,176245,4.0)
(1535,84777,4.0)
(1535,169353,4.0)
(1535,9407,4.0)
(1535,154005,4.0)
(1535,22645,4.0)
(1535,97001,4.0)
(1535,152121,4.0)
(1535,139275,4.0)
(1535,161113,4.0)
(1535,77907,4.0)
(1535,105259,4.0)
(1535,18855,4.0)
(1535,24111,4.0)
(1535,24647,4.0)
(1535,25877,4.0)
(1535,151465,4.0)
(1535,12477,4.0)
(1535,129853,4.0)
(1535,129127,4.0)
(1535,8797,4.0)
(1535,165723,4.0)
(1535,91455,4.0)
(1535,124239,4.0)
(1535,19461,4.0)
(1535,91581,4.0)
(1535,138211,4.0)
(1535,171039,4.0)
(1535,159949,4.0)
(1535,36611,4.0)
(1535,92769,4.0)
(1535,87491,4.0)
(1535,100979,4.0)
(1535,167955,4.0)
(1535,100185,4.0)
(1535,6495,4.0)
(1535,95823,4.0)
(1535,172353,4.0)
(1535,172317,4.0)
(1535,100307,4.0)
(1535,47445,4.0)
(1535,1675,4.0)
(1535,25311,4.0)
(1535,11115,4.0)
(1535,64113,4.0)
(1535,53193,4.0)
(1535,164143,4.0)
(1535,69965,4.0)
(1535,60421,4.0)
(1535,1313,4.0)
(1535,54985,4.0)
(1535,14995,4.0)
(1535,20389,4.0)
(1535,163635,4.0)
(1535,88897,4.0)
(1535,80717,4.0)
(1535,144377,4.0)
(1535,172385,4.0)
(1535,31615,4.0)
(1535,77023,4.0)
(1535,70505,4.0)
(1535,143959,4.0)
(1535,25005,4.0)
(1535,160233,4.0)
(1535,32323,4.0)
(1535,27669,4.0)
(1535,47987,4.0)
(1535,44557,4.0)
(1535,69847,4.0)
(1535,18173,4.0)
(1535,8805,4.0)
(1535,27649,4.0)
(1535,131261,4.0)
(1535,156221,4.0)
(1535,134487,4.0)
(1535,35381,4.0)
(1535,115005,4.0)
(1535,14149,4.0)
(1535,114743,4.0)
