(1535,138881,4.156234396902072)
(1535,54328,4.184448214625238)
(1535,21072,4.209948970195238)
(1535,61375,4.214135062310972)
(1535,87197,4.217371168635291)
(1535,85860,4.2325370164194025)
(1535,154752,4.232537016419403)
(1535,85471,4.232537016419403)
(1535,146852,4.232537016419404)
(1535,165343,4.248147160708275)
(1535,73995,4.2554519408074825)
(1535,9266,4.262546915906185)
(1535,101246,4.2692975525534465)
(1535,161396,4.271844183453105)
(1535,149985,4.274238045929774)
(1535,60058,4.277291205515414)
(1535,35962,4.2779973940427505)
(1535,125296,4.279275379847171)
(1535,106990,4.29033596852422)
(1535,94216,4.294093075228006)
(1535,35184,4.294093075228006)
(1535,119472,4.294093075228006)
(1535,33618,4.294093075228006)
(1535,113084,4.294093075228006)
(1535,129398,4.294093075228006)
(1535,114328,4.294093075228006)
(1535,75514,4.294093075228006)
(1535,134662,4.294093075228006)
(1535,70522,4.294093075228006)
(1535,99932,4.294093075228006)
(1535,6230,4.294093075228006)
(1535,53567,4.294093075228006)
(1535,74865,4.294093075228006)
(1535,167555,4.294093075228006)
(1535,1331,4.294093075228006)
(1535,60037,4.294093075228006)
(1535,107097,4.294093075228006)
(1535,88013,4.294093075228006)
(1535,47319,4.294093075228006)
(1535,147128,4.294093075228007)
(1535,167174,4.294093075228007)
(1535,104358,4.294093075228007)
(1535,105198,4.294093075228007)
(1535,134680,4.294093075228007)
(1535,113328,4.294093075228007)
(1535,47318,4.294093075228007)
(1535,84944,4.294093075228007)
(1535,75770,4.294093075228007)
(1535,122506,4.294093075228007)
(1535,146412,4.294093075228007)
(1535,95462,4.294093075228007)
(1535,59334,4.294093075228007)
(1535,48630,4.294093075228007)
(1535,85448,4.294093075228007)
(1535,15138,4.294093075228007)
(1535,112798,4.294093075228007)
(1535,159166,4.294093075228007)
(1535,73134,4.294093075228007)
(1535,164860,4.294093075228007)
(1535,123486,4.294093075228007)
(1535,97980,4.294093075228007)
(1535,30346,4.294093075228007)
(1535,125806,4.294093075228007)
(1535,27066,4.294093075228007)
(1535,55662,4.294093075228007)
(1535,28982,4.294093075228007)
(1535,174502,4.294093075228007)
(1535,140040,4.294093075228007)
(1535,57658,4.294093075228007)
(1535,69190,4.294093075228007)
(1535,164592,4.294093075228007)
(1535,65472,4.294093075228007)
(1535,53982,4.294093075228007)
(1535,2548,4.294093075228007)
(1535,95418,4.294093075228007)
(1535,103384,4.294093075228007)
(1535,151714,4.294093075228007)
(1535,152242,4.294093075228007)
(1535,125992,4.294093075228007)
(1535,147596,4.294093075228007)
(1535,28124,4.294093075228007)
(1535,135888,4.294093075228007)
(1535,84216,4.294093075228007)
(1535,62698,4.294093075228007)
(1535,107886,4.294093075228007)
(1535,23918,4.294093075228007)
(1535,91430,4.294093075228007)
(1535,17454,4.294093075228007)
(1535,160930,4.294093075228007)
(1535,42624,4.294093075228007)
(1535,39212,4.294093075228007)
(1535,11898,4.294093075228007)
(1535,17570,4.294093075228007)
(1535,96118,4.294093075228007)
(1535,52926,4.294093075228007)
(1535,122822,4.294093075228007)
(1535,59794,4.294093075228007)
(1535,93246,4.294093075228007)
(1535,90964,4.294093075228007)
(1535,142356,4.294093075228007)
(1535,127724,4.294093075228007)
(1535,53338,4.294093075228007)
(1535,13978,4.294093075228007)
(1535,103664,4.294093075228007)
(1535,124909,4.294093075228007)
(1535,81161,4.294093075228007)
(1535,2517,4.294093075228007)
(1535,132799,4.294093075228007)
(1535,83801,4.294093075228007)
(1535,36063,4.294093075228007)
(1535,66449,4.294093075228007)
(1535,24485,4.294093075228007)
(1535,115607,4.294093075228007)
(1535,96477,4.294093075228007)
(1535,144251,4.294093075228007)
(1535,12631,4.294093075228007)
(1535,169761,4.294093075228007)
(1535,1347,4.294093075228007)
(1535,127057,4.294093075228007)
(1535,7333,4.294093075228007)
(1535,126441,4.294093075228007)
(1535,79813,4.294093075228007)
(1535,91481,4.294093075228007)
(1535,44097,4.294093075228007)
(1535,1011,4.294093075228007)
(1535,165329,4.294093075228007)
(1535,65149,4.294093075228007)
(1535,31271,4.294093075228007)
(1535,28831,4.294093075228007)
(1535,42867,4.294093075228007)
(1535,110849,4.294093075228007)
(1535,13595,4.294093075228007)
(1535,84069,4.294093075228007)
(1535,25167,4.294093075228007)
(1535,32739,4.294093075228007)
(1535,135673,4.294093075228007)
(1535,53811,4.294093075228007)
(1535,44259,4.294093075228007)
(1535,134787,4.294093075228007)
(1535,155535,4.294093075228007)
(1535,53347,4.294093075228007)
(1535,193,4.294093075228007)
(1535,13663,4.294093075228007)
(1535,143065,4.294093075228007)
(1535,150379,4.294093075228007)
(1535,33687,4.294093075228007)
(1535,129063,4.294093075228007)
(1535,125189,4.294093075228007)
(1535,101691,4.294093075228007)
(1535,53071,4.294093075228007)
(1535,32829,4.294093075228007)
(1535,151541,4.294093075228007)
(1535,130797,4.294093075228007)
(1535,124817,4.294093075228007)
(1535,22895,4.294093075228007)
(1535,79851,4.294093075228007)
(1535,112081,4.294093075228007)
(1535,66789,4.294093075228007)
(1535,161075,4.294093075228007)
(1535,153329,4.294093075228007)
(1535,128127,4.294093075228007)
(1535,18531,4.294093075228007)
(1535,117693,4.294093075228007)
(1535,138898,4.294093075228008)
(1535,57835,4.294093075228008)
(1535,75037,4.294093075228008)
(1535,18327,4.294093075228008)
(1535,121790,4.2961808262944325)
(1535,34744,4.297407954191365)
(1535,176115,4.298762962272386)
(1535,11144,4.299097936359109)
(1535,167886,4.301520843793888)
(1535,171100,4.302089849605758)
(1535,125031,4.302568683518273)
(1535,162436,4.303037303708225)
(1535,57698,4.303293991855013)
(1535,98514,4.3052380575662825)
(1535,136813,4.3052380575662825)
(1535,47809,4.305616093942068)
(1535,89471,4.30716838938717)
(1535,157718,4.307500121608738)
(1535,90496,4.309346868755235)
(1535,21342,4.309758307535716)
(1535,10969,4.309789147199017)
(1535,145359,4.309851044281789)
(1535,76960,4.309907472648322)
(1535,112981,4.31053867587252)
(1535,7393,4.310979423579253)
(1535,100416,4.312267087302294)
(1535,44457,4.312474572259077)
(1535,5347,4.314264154564328)
(1535,128002,4.316303264868174)
(1535,36790,4.317124357426335)
(1535,158545,4.317433850026016)
(1535,113970,4.318923634260899)
(1535,171244,4.319406674682504)
(1535,142668,4.320768530036604)
(1535,15584,4.3213109501979865)
(1535,87797,4.321986157487595)
(1535,63104,4.322881216916593)
(1535,98980,4.322881216916594)
(1535,82758,4.322881216916594)
(1535,49434,4.322881216916594)
(1535,132766,4.322881216916594)
(1535,25016,4.322881216916594)
(1535,65904,4.322881216916594)
(1535,159256,4.322881216916594)
(1535,84438,4.322881216916594)
(1535,174194,4.322881216916594)
(1535,165798,4.322881216916594)
(1535,58290,4.322881216916594)
(1535,66344,4.322881216916594)
(1535,80450,4.322881216916594)
(1535,80044,4.322881216916594)
(1535,83960,4.322881216916594)
(1535,13474,4.322881216916594)
(1535,8590,4.322881216916594)
(1535,59474,4.322881216916594)
(1535,155604,4.322881216916594)
(1535,90616,4.322881216916594)
(1535,138574,4.322881216916594)
(1535,38480,4.322881216916594)
(1535,97596,4.322881216916594)
(1535,103688,4.322881216916594)
(1535,80238,4.322881216916594)
(1535,158544,4.322881216916594)
(1535,83846,4.322881216916594)
(1535,168506,4.322881216916594)
(1535,33624,4.322881216916594)
(1535,49232,4.322881216916594)
(1535,125468,4.322881216916594)
(1535,51154,4.322881216916594)
(1535,42996,4.322881216916594)
(1535,142878,4.322881216916594)
(1535,154000,4.322881216916594)
(1535,97280,4.322881216916594)
(1535,47536,4.322881216916594)
(1535,78584,4.322881216916594)
(1535,114186,4.322881216916594)
(1535,136755,4.322881216916594)
(1535,86381,4.322881216916594)
(1535,50917,4.322881216916594)
(1535,91371,4.322881216916594)
(1535,96441,4.322881216916594)
(1535,54753,4.322881216916594)
(1535,64965,4.322881216916594)
(1535,122563,4.322881216916594)
(1535,76367,4.322881216916594)
(1535,88717,4.322881216916594)
(1535,160203,4.322881216916594)
(1535,41999,4.322881216916594)
(1535,150371,4.322881216916594)
(1535,69285,4.322881216916594)
(1535,120593,4.322881216916594)
(1535,36051,4.322881216916594)
(1535,80443,4.322881216916594)
(1535,32439,4.322881216916594)
(1535,110913,4.322881216916594)
(1535,35705,4.322881216916594)
(1535,128907,4.322881216916594)
(1535,7467,4.322881216916594)
(1535,26119,4.322881216916594)
(1535,96119,4.322881216916594)
(1535,118407,4.322881216916594)
(1535,83221,4.322881216916594)
(1535,131341,4.322881216916594)
(1535,77799,4.322881216916594)
(1535,149495,4.322881216916594)
(1535,176817,4.322881216916594)
(1535,150437,4.322881216916594)
(1535,117991,4.322881216916594)
(1535,142881,4.322881216916594)
(1535,155859,4.322881216916594)
(1535,158267,4.322881216916594)
(1535,143703,4.322881216916594)
(1535,142251,4.322881216916594)
(1535,108064,4.322881216916595)
(1535,169650,4.322881216916595)
(1535,105312,4.322881216916595)
(1535,136240,4.322881216916595)
(1535,2388,4.322881216916595)
(1535,75734,4.322881216916595)
(1535,133533,4.322881216916595)
(1535,89131,4.322881216916595)
(1535,162257,4.322881216916595)
(1535,110845,4.322881216916595)
(1535,82875,4.323317953441324)
(1535,111626,4.32462117956711)
(1535,23801,4.325583395605988)
(1535,157580,4.326504585039625)
(1535,79452,4.327854051906234)
(1535,32135,4.3292653644587)
(1535,9107,4.329923072370876)
(1535,123562,4.330346181385124)
(1535,91967,4.333470656548724)
(1535,123382,4.333786380612832)
(1535,41517,4.337336468448803)
(1535,17322,4.339108291953788)
(1535,45743,4.340544997819794)
(1535,72219,4.343044259454719)
(1535,176168,4.345827083358223)
(1535,143317,4.346507852154525)
(1535,142662,4.3465078521545255)
(1535,98436,4.351235418520102)
(1535,119974,4.354575809661322)
(1535,150329,4.354575809661322)
(1535,59584,4.358417497244334)
(1535,80585,4.363101120044231)
(1535,105478,4.365702718433829)
(1535,52814,4.368606267747162)
(1535,107307,4.368606267747162)
(1535,149739,4.3692557099295515)
(1535,1815,4.372190577702611)
(1535,22509,4.383435954740385)
(1535,29746,4.406472904351941)
(1535,133425,4.438671395583475)
(1535,101998,4.454516109942386)
(1535,171675,4.454516109942386)
(1535,75723,4.454516109942387)
(1535,60789,4.454516109942387)
(1535,71611,4.476160954068978)
(1535,78169,4.645891359871266)
(1535,177822,4.999999999999999)
(1535,22264,4.999999999999999)
(1535,25606,4.999999999999999)
(1535,92514,4.999999999999999)
(1535,168852,4.999999999999999)
(1535,111820,4.999999999999999)
(1535,109938,4.999999999999999)
(1535,30824,4.999999999999999)
(1535,145682,4.999999999999999)
(1535,87581,4.999999999999999)
(1535,81913,4.999999999999999)
(1535,145195,4.999999999999999)
(1535,137213,4.999999999999999)
(1535,131847,4.999999999999999)
(1535,24009,4.999999999999999)
(1535,129383,4.999999999999999)
(1535,19983,4.999999999999999)
(1535,5913,4.999999999999999)
(1535,108769,4.999999999999999)
(1535,129589,4.999999999999999)
(1535,104401,4.999999999999999)
(1535,34019,4.999999999999999)
(1535,138249,4.999999999999999)
(1535,161944,5.0)
(1535,10984,5.0)
(1535,118672,5.0)
(1535,171544,5.0)
(1535,82122,5.0)
(1535,82424,5.0)
(1535,97290,5.0)
(1535,84860,5.0)
(1535,25810,5.0)
(1535,98392,5.0)
(1535,64688,5.0)
(1535,161688,5.0)
(1535,2716,5.0)
(1535,132846,5.0)
(1535,29236,5.0)
(1535,107132,5.0)
(1535,119266,5.0)
(1535,25206,5.0)
(1535,53046,5.0)
(1535,98302,5.0)
(1535,54904,5.0)
(1535,17406,5.0)
(1535,133568,5.0)
(1535,164426,5.0)
(1535,24436,5.0)
(1535,104830,5.0)
(1535,25394,5.0)
(1535,36572,5.0)
(1535,46048,5.0)
(1535,91804,5.0)
(1535,140080,5.0)
(1535,129110,5.0)
(1535,106174,5.0)
(1535,41940,5.0)
(1535,158220,5.0)
(1535,97492,5.0)
(1535,40722,5.0)
(1535,132250,5.0)
(1535,1800,5.0)
(1535,68248,5.0)
(1535,62800,5.0)
(1535,37640,5.0)
(1535,41942,5.0)
(1535,12010,5.0)
(1535,85418,5.0)
(1535,80256,5.0)
(1535,118452,5.0)
(1535,20500,5.0)
(1535,5150,5.0)
(1535,149916,5.0)
(1535,19970,5.0)
(1535,124256,5.0)
(1535,146216,5.0)
(1535,171682,5.0)
(1535,111802,5.0)
(1535,51398,5.0)
(1535,51232,5.0)
(1535,70134,5.0)
(1535,161886,5.0)
(1535,63480,5.0)
(1535,127892,5.0)
(1535,72434,5.0)
(1535,136212,5.0)
(1535,71320,5.0)
(1535,89360,5.0)
(1535,92520,5.0)
(1535,101638,5.0)
(1535,66546,5.0)
(1535,118194,5.0)
(1535,2262,5.0)
(1535,77582,5.0)
(1535,9418,5.0)
(1535,92524,5.0)
(1535,30418,5.0)
(1535,114906,5.0)
(1535,40748,5.0)
(1535,20670,5.0)
(1535,170570,5.0)
(1535,103378,5.0)
(1535,71580,5.0)
(1535,77570,5.0)
(1535,165528,5.0)
(1535,115236,5.0)
(1535,135328,5.0)
(1535,160474,5.0)
(1535,4234,5.0)
(1535,144920,5.0)
(1535,14980,5.0)
(1535,27026,5.0)
(1535,33974,5.0)
(1535,159078,5.0)
(1535,163394,5.0)
(1535,33486,5.0)
(1535,66446,5.0)
(1535,155734,5.0)
(1535,142236,5.0)
(1535,56848,5.0)
(1535,117160,5.0)
(1535,80820,5.0)
(1535,134668,5.0)
(1535,72640,5.0)
(1535,92666,5.0)
(1535,178040,5.0)
(1535,22652,5.0)
(1535,78878,5.0)
(1535,97920,5.0)
(1535,152830,5.0)
(1535,176112,5.0)
(1535,99190,5.0)
(1535,89112,5.0)
(1535,51642,5.0)
(1535,66516,5.0)
(1535,63592,5.0)
(1535,113132,5.0)
(1535,131694,5.0)
(1535,6882,5.0)
(1535,80288,5.0)
(1535,31082,5.0)
(1535,37124,5.0)
(1535,153456,5.0)
(1535,77616,5.0)
(1535,92750,5.0)
(1535,67664,5.0)
(1535,95428,5.0)
(1535,54090,5.0)
(1535,768,5.0)
(1535,31992,5.0)
(1535,63310,5.0)
(1535,1370,5.0)
(1535,159398,5.0)
(1535,22446,5.0)
(1535,30262,5.0)
(1535,11104,5.0)
(1535,70238,5.0)
(1535,69428,5.0)
(1535,48168,5.0)
(1535,144844,5.0)
(1535,93708,5.0)
(1535,40178,5.0)
(1535,95082,5.0)
(1535,29074,5.0)
(1535,157760,5.0)
(1535,154836,5.0)
(1535,27344,5.0)
(1535,146854,5.0)
(1535,28792,5.0)
(1535,103696,5.0)
(1535,92926,5.0)
(1535,21526,5.0)
(1535,159810,5.0)
(1535,49690,5.0)
(1535,33562,5.0)
(1535,154102,5.0)
(1535,69736,5.0)
(1535,32206,5.0)
(1535,156664,5.0)
(1535,129404,5.0)
(1535,22458,5.0)
(1535,146108,5.0)
(1535,92692,5.0)
(1535,124250,5.0)
(1535,47810,5.0)
(1535,28592,5.0)
(1535,96082,5.0)
(1535,107988,5.0)
(1535,128308,5.0)
(1535,124736,5.0)
(1535,154134,5.0)
(1535,47058,5.0)
(1535,150504,5.0)
(1535,99474,5.0)
(1535,158130,5.0)
(1535,123518,5.0)
(1535,119310,5.0)
(1535,10152,5.0)
(1535,70018,5.0)
(1535,90478,5.0)
(1535,50824,5.0)
(1535,26264,5.0)
(1535,36780,5.0)
(1535,100824,5.0)
(1535,11558,5.0)
(1535,102118,5.0)
(1535,26922,5.0)
(1535,71722,5.0)
(1535,97434,5.0)
(1535,112586,5.0)
(1535,69306,5.0)
(1535,94144,5.0)
(1535,164752,5.0)
(1535,153126,5.0)
(1535,23172,5.0)
(1535,91812,5.0)
(1535,27802,5.0)
(1535,89148,5.0)
(1535,141728,5.0)
(1535,58918,5.0)
(1535,171336,5.0)
(1535,57780,5.0)
(1535,65436,5.0)
(1535,14958,5.0)
(1535,74126,5.0)
(1535,130418,5.0)
(1535,134670,5.0)
(1535,158052,5.0)
(1535,26686,5.0)
(1535,53154,5.0)
(1535,168560,5.0)
(1535,13076,5.0)
(1535,63350,5.0)
(1535,56554,5.0)
(1535,175672,5.0)
(1535,121938,5.0)
(1535,152154,5.0)
(1535,18410,5.0)
(1535,15448,5.0)
(1535,98714,5.0)
(1535,139240,5.0)
(1535,59336,5.0)
(1535,131298,5.0)
(1535,111636,5.0)
(1535,9490,5.0)
(1535,5742,5.0)
(1535,100688,5.0)
(1535,168814,5.0)
(1535,41682,5.0)
(1535,110540,5.0)
(1535,161376,5.0)
(1535,34390,5.0)
(1535,100662,5.0)
(1535,137608,5.0)
(1535,172466,5.0)
(1535,97370,5.0)
(1535,68464,5.0)
(1535,144770,5.0)
(1535,42046,5.0)
(1535,21298,5.0)
(1535,29506,5.0)
(1535,61056,5.0)
(1535,9390,5.0)
(1535,178220,5.0)
(1535,115658,5.0)
(1535,173024,5.0)
(1535,51834,5.0)
(1535,17466,5.0)
(1535,45312,5.0)
(1535,132172,5.0)
(1535,30818,5.0)
(1535,20730,5.0)
(1535,146790,5.0)
(1535,168490,5.0)
(1535,16234,5.0)
(1535,60504,5.0)
(1535,8926,5.0)
(1535,140452,5.0)
(1535,145152,5.0)
(1535,27782,5.0)
(1535,20328,5.0)
(1535,108554,5.0)
(1535,47238,5.0)
(1535,97450,5.0)
(1535,37684,5.0)
(1535,33246,5.0)
(1535,134294,5.0)
(1535,171052,5.0)
(1535,60920,5.0)
(1535,43562,5.0)
(1535,78106,5.0)
(1535,100274,5.0)
(1535,93168,5.0)
(1535,87110,5.0)
(1535,66576,5.0)
(1535,70776,5.0)
(1535,84916,5.0)
(1535,174714,5.0)
(1535,70910,5.0)
(1535,36658,5.0)
(1535,28406,5.0)
(1535,120980,5.0)
(1535,110638,5.0)
(1535,41716,5.0)
(1535,87654,5.0)
(1535,38354,5.0)
(1535,93040,5.0)
(1535,27902,5.0)
(1535,33872,5.0)
(1535,60354,5.0)
(1535,65748,5.0)
(1535,166266,5.0)
(1535,160290,5.0)
(1535,176014,5.0)
(1535,172838,5.0)
(1535,109284,5.0)
(1535,26682,5.0)
(1535,102226,5.0)
(1535,108498,5.0)
(1535,80968,5.0)
(1535,144564,5.0)
(1535,177954,5.0)
(1535,89524,5.0)
(1535,26592,5.0)
(1535,170828,5.0)
(1535,129678,5.0)
(1535,37522,5.0)
(1535,50588,5.0)
(1535,63016,5.0)
(1535,11086,5.0)
(1535,141554,5.0)
(1535,52726,5.0)
(1535,26274,5.0)
(1535,26540,5.0)
(1535,143208,5.0)
(1535,14198,5.0)
(1535,76924,5.0)
(1535,170396,5.0)
(1535,88882,5.0)
(1535,59636,5.0)
(1535,54192,5.0)
(1535,136400,5.0)
(1535,109804,5.0)
(1535,73664,5.0)
(1535,172070,5.0)
(1535,166000,5.0)
(1535,128090,5.0)
(1535,13954,5.0)
(1535,14024,5.0)
(1535,148146,5.0)
(1535,60942,5.0)
(1535,80957,5.0)
(1535,35411,5.0)
(1535,31291,5.0)
(1535,106925,5.0)
(1535,98797,5.0)
(1535,59939,5.0)
(1535,100667,5.0)
(1535,65231,5.0)
(1535,32691,5.0)
(1535,1973,5.0)
(1535,11789,5.0)
(1535,116891,5.0)
(1535,93,5.0)
(1535,128591,5.0)
(1535,142371,5.0)
(1535,83831,5.0)
(1535,37879,5.0)
(1535,6207,5.0)
(1535,108243,5.0)
(1535,18041,5.0)
(1535,1075,5.0)
(1535,115957,5.0)
(1535,50559,5.0)
(1535,125883,5.0)
(1535,157035,5.0)
(1535,161031,5.0)
(1535,119837,5.0)
(1535,91613,5.0)
(1535,58609,5.0)
(1535,97253,5.0)
(1535,7581,5.0)
(1535,114851,5.0)
(1535,145265,5.0)
(1535,33231,5.0)
(1535,27599,5.0)
(1535,162045,5.0)
(1535,111067,5.0)
(1535,134551,5.0)
(1535,32979,5.0)
(1535,48463,5.0)
(1535,3805,5.0)
(1535,122499,5.0)
(1535,146807,5.0)
(1535,43851,5.0)
(1535,175839,5.0)
(1535,73985,5.0)
(1535,44349,5.0)
(1535,59115,5.0)
(1535,23607,5.0)
(1535,126905,5.0)
(1535,34095,5.0)
(1535,6941,5.0)
(1535,15619,5.0)
(1535,88725,5.0)
(1535,151795,5.0)
(1535,65433,5.0)
(1535,2071,5.0)
(1535,54043,5.0)
(1535,151205,5.0)
(1535,92953,5.0)
(1535,69189,5.0)
(1535,134495,5.0)
(1535,13977,5.0)
(1535,30045,5.0)
(1535,23313,5.0)
(1535,87137,5.0)
(1535,1245,5.0)
(1535,98825,5.0)
(1535,18655,5.0)
(1535,26203,5.0)
(1535,25787,5.0)
(1535,136837,5.0)
(1535,125949,5.0)
(1535,92303,5.0)
(1535,53323,5.0)
(1535,30229,5.0)
(1535,95945,5.0)
(1535,32709,5.0)
(1535,130665,5.0)
(1535,69895,5.0)
(1535,154385,5.0)
(1535,98877,5.0)
(1535,70331,5.0)
(1535,125677,5.0)
(1535,173123,5.0)
(1535,51141,5.0)
(1535,161107,5.0)
(1535,72391,5.0)
(1535,146845,5.0)
(1535,76029,5.0)
(1535,156481,5.0)
(1535,118403,5.0)
(1535,9643,5.0)
(1535,48887,5.0)
(1535,124249,5.0)
(1535,32069,5.0)
(1535,107431,5.0)
(1535,131333,5.0)
(1535,72241,5.0)
(1535,117307,5.0)
(1535,36493,5.0)
(1535,83799,5.0)
(1535,122683,5.0)
(1535,87637,5.0)
(1535,116521,5.0)
(1535,45109,5.0)
(1535,75703,5.0)
(1535,59389,5.0)
(1535,94053,5.0)
(1535,60797,5.0)
(1535,41275,5.0)
(1535,140095,5.0)
(1535,165763,5.0)
(1535,85609,5.0)
(1535,29759,5.0)
(1535,168677,5.0)
(1535,88651,5.0)
(1535,156261,5.0)
(1535,17569,5.0)
(1535,43657,5.0)
(1535,161111,5.0)
(1535,103519,5.0)
(1535,130741,5.0)
(1535,40327,5.0)
(1535,24509,5.0)
(1535,131015,5.0)
(1535,114273,5.0)
(1535,124709,5.0)
(1535,94813,5.0)
(1535,81831,5.0)
(1535,65531,5.0)
(1535,77407,5.0)
(1535,121039,5.0)
(1535,9127,5.0)
(1535,164981,5.0)
(1535,65483,5.0)
(1535,70351,5.0)
(1535,3053,5.0)
(1535,58357,5.0)
(1535,17823,5.0)
(1535,145707,5.0)
(1535,28005,5.0)
(1535,27251,5.0)
(1535,127553,5.0)
(1535,18201,5.0)
(1535,88491,5.0)
(1535,46117,5.0)
(1535,16479,5.0)
(1535,22211,5.0)
(1535,65201,5.0)
(1535,21203,5.0)
(1535,57659,5.0)
(1535,163295,5.0)
(1535,56397,5.0)
(1535,36637,5.0)
(1535,69281,5.0)
(1535,147961,5.0)
(1535,8853,5.0)
(1535,173831,5.0)
(1535,76935,5.0)
(1535,157787,5.0)
(1535,72893,5.0)
(1535,15555,5.0)
(1535,57279,5.0)
(1535,4303,5.0)
(1535,2501,5.0)
(1535,176527,5.0)
(1535,117881,5.0)
(1535,138565,5.0)
(1535,174835,5.0)
(1535,4575,5.0)
(1535,67973,5.0)
(1535,157697,5.0)
(1535,34725,5.0)
(1535,174235,5.0)
(1535,5463,5.0)
(1535,50661,5.0)
(1535,88701,5.0)
(1535,151935,5.0)
(1535,48455,5.0)
(1535,171967,5.0)
(1535,122061,5.0)
(1535,104573,5.0)
(1535,101961,5.0)
(1535,2715,5.0)
(1535,49559,5.0)
(1535,7061,5.0)
(1535,41163,5.0)
(1535,83461,5.0)
(1535,60747,5.0)
(1535,137819,5.0)
(1535,89163,5.0)
(1535,34935,5.0)
(1535,159307,5.0)
(1535,37265,5.0)
(1535,42595,5.0)
(1535,48601,5.0)
(1535,151315,5.0)
(1535,2685,5.0)
(1535,147517,5.0)
(1535,36891,5.0)
(1535,20331,5.0)
(1535,27325,5.0)
(1535,126289,5.0)
(1535,98725,5.0)
(1535,152537,5.0)
(1535,131605,5.0)
(1535,120945,5.0)
(1535,101055,5.0)
(1535,89409,5.0)
(1535,139601,5.0)
(1535,65735,5.0)
(1535,77737,5.0)
(1535,88321,5.0)
(1535,140671,5.0)
(1535,120501,5.0)
(1535,907,5.0)
(1535,88755,5.0)
(1535,169763,5.0)
(1535,74455,5.0)
(1535,39941,5.0)
(1535,65907,5.0)
(1535,68651,5.0)
(1535,12037,5.0)
(1535,99309,5.0)
(1535,137867,5.0)
(1535,42615,5.0)
(1535,107161,5.0)
(1535,123389,5.0)
(1535,48057,5.0)
(1535,106389,5.0)
(1535,135,5.0)
(1535,127993,5.0)
(1535,16159,5.0)
(1535,12581,5.0)
(1535,54829,5.0)
(1535,77943,5.0)
(1535,105305,5.0)
(1535,61813,5.0)
(1535,63349,5.0)
(1535,45833,5.0)
(1535,125439,5.0)
(1535,120741,5.0)
(1535,154347,5.0)
(1535,142755,5.0)
(1535,168335,5.0)
(1535,26987,5.0)
(1535,50135,5.0)
(1535,48453,5.0)
(1535,40863,5.0)
(1535,122289,5.0)
(1535,14841,5.0)
(1535,151557,5.0)
(1535,71401,5.0)
(1535,80693,5.0)
(1535,19771,5.0)
(1535,72705,5.0)
(1535,159543,5.0)
(1535,123001,5.0)
(1535,164095,5.0)
(1535,4029,5.0)
(1535,44375,5.0)
(1535,72765,5.0)
(1535,14871,5.0)
(1535,93163,5.0)
(1535,2013,5.0)
(1535,62259,5.0)
(1535,138951,5.0)
(1535,74869,5.0)
(1535,72967,5.0)
(1535,172237,5.0)
(1535,5681,5.0)
(1535,11557,5.0)
(1535,73763,5.0)
(1535,96245,5.0)
(1535,152949,5.0)
(1535,148897,5.0)
(1535,112565,5.0)
(1535,2981,5.0)
(1535,125861,5.0)
(1535,37009,5.0)
(1535,152307,5.0)
(1535,175647,5.0)
(1535,115779,5.0)
(1535,122087,5.0)
(1535,47179,5.0)
(1535,161171,5.0)
(1535,28397,5.0)
(1535,91911,5.0)
(1535,126015,5.0)
(1535,81551,5.0)
(1535,12319,5.0)
(1535,135095,5.0)
(1535,100365,5.0)
(1535,73915,5.0)
(1535,122235,5.0)
(1535,92253,5.0)
(1535,131319,5.0)
(1535,46523,5.0)
(1535,68177,5.0)
(1535,117821,5.0)
(1535,74903,5.0)
(1535,119751,5.0)
(1535,89077,5.0)
(1535,138119,5.0)
(1535,122671,5.0)
(1535,66625,5.0)
(1535,2997,5.0)
(1535,148087,5.0)
(1535,37901,5.0)
(1535,149575,5.0)
(1535,27665,5.0)
(1535,108667,5.0)
(1535,141773,5.0)
(1535,59675,5.0)
(1535,34023,5.0)
(1535,172465,5.0)
(1535,60751,5.0)
(1535,68493,5.0)
(1535,1491,5.0)
(1535,72357,5.0)
(1535,118051,5.0)
(1535,177027,5.0)
(1535,58049,5.0)
(1535,132943,5.0)
(1535,49411,5.0)
(1535,2087,5.0)
(1535,38253,5.0)
(1535,55059,5.0)
(1535,164277,5.0)
(1535,165541,5.0)
(1535,107531,5.0)
(1535,29923,5.0)
(1535,117533,5.0)
(1535,63161,5.0)
(1535,154409,5.0)
(1535,173429,5.0)
(1535,68785,5.0)
(1535,36671,5.0)
(1535,160795,5.0)
(1535,70049,5.0)
(1535,169411,5.0)
(1535,170118,5.000000000000001)
(1535,16848,5.000000000000001)
(1535,122910,5.000000000000001)
(1535,47860,5.000000000000001)
(1535,24878,5.000000000000001)
(1535,73990,5.000000000000001)
(1535,134536,5.000000000000001)
(1535,40058,5.000000000000001)
(1535,71062,5.000000000000001)
(1535,93762,5.000000000000001)
(1535,111454,5.000000000000001)
(1535,22548,5.000000000000001)
(1535,46916,5.000000000000001)
(1535,158551,5.000000000000001)
(1535,135973,5.000000000000001)
(1535,4221,5.000000000000001)
(1535,38693,5.000000000000001)
(1535,48307,5.000000000000001)
(1535,87073,5.000000000000001)
(1535,95443,5.000000000000001)
(1535,73375,5.000000000000001)
(1535,135807,5.000000000000001)
(1535,95563,5.000000000000001)
(1535,117743,5.000000000000001)
(1535,122955,5.000000000000001)
(1535,42579,5.000000000000001)
(1535,172285,5.000000000000001)
(1535,116885,5.000000000000001)
