(1535,101505,0.10206207261596574)
(1535,72105,0.12909944487358055)
(1535,10890,0.23570226039551587)
(1535,22643,4.720583176594687)
(1535,145458,4.848535442866059)
(1535,165334,4.878495782207707)
(1535,173541,4.8987806754497845)
(1535,6303,5.002199872034824)
(1535,33700,5.055695352539099)
(1535,166967,5.46420071398605)
(1535,48748,5.55469516915249)
(1535,2548,5.7613993669328805)
(1535,34744,5.80360798518185)
(1535,1011,5.853001284193599)
(1535,11898,5.91537961388205)
(1535,140040,5.945180203564894)
(1535,165329,5.945180203564894)
(1535,151541,5.945180203564897)
(1535,107132,5.97614304667197)
(1535,161111,5.97614304667197)
(1535,137213,6.00740244057654)
(1535,134536,6.038073644245604)
(1535,147596,6.09199688406872)
(1535,136813,6.178412503636251)
(1535,17570,6.178412503636252)
(1535,93246,6.178412503636252)
(1535,91481,6.178412503636252)
(1535,153329,6.178412503636252)
(1535,29074,6.250000000000002)
(1535,126905,6.250000000000003)
(1535,92953,6.250000000000003)
(1535,138898,6.305815855975136)
(1535,57835,6.305815855975136)
(1535,18327,6.305815855975136)
(1535,31271,6.305815855975138)
(1535,125189,6.305815855975138)
(1535,167174,6.4503496419551105)
(1535,17466,6.454972243679029)
(1535,168490,6.454972243679029)
(1535,152242,6.512618611851299)
(1535,85448,6.512618611851299)
(1535,15138,6.512618611851299)
(1535,130797,6.512618611851299)
(1535,44097,6.512618611851299)
(1535,128127,6.512618611851299)
(1535,47809,6.555071686385679)
(1535,111820,6.557517293751596)
(1535,98514,6.768111795627084)
(1535,89360,6.846531968814575)
(1535,103696,6.846531968814575)
(1535,3053,6.846531968814575)
(1535,8853,6.846531968814575)
(1535,107161,6.846531968814575)
(1535,66516,6.846531968814579)
(1535,33618,6.907675175582656)
(1535,35184,6.907675175582656)
(1535,119472,6.907675175582656)
(1535,129398,6.907675175582656)
(1535,114328,6.907675175582656)
(1535,134662,6.907675175582656)
(1535,99932,6.907675175582656)
(1535,6230,6.907675175582656)
(1535,74865,6.907675175582656)
(1535,1331,6.907675175582656)
(1535,144251,6.907675175582659)
(1535,55662,6.907675175582661)
(1535,96118,6.907675175582661)
(1535,127724,6.907675175582661)
(1535,15584,6.907675175582661)
(1535,127057,6.907675175582661)
(1535,53347,6.907675175582661)
(1535,101691,6.907675175582661)
(1535,70134,7.030491176622221)
(1535,47810,7.030491176622221)
(1535,30045,7.030491176622221)
(1535,28982,7.034432081838871)
(1535,13663,7.034432081838871)
(1535,87197,7.034432081838871)
(1535,12037,7.09176680935559)
(1535,13978,7.206646692543012)
(1535,22548,7.245688373094723)
(1535,57658,7.3103962608824595)
(1535,69190,7.3103962608824595)
(1535,89077,7.416198487095665)
(1535,157580,7.482429121757864)
(1535,171100,7.72826759589834)
(1535,65149,7.736712978107209)
(1535,125031,7.74213992369508)
(1535,117160,7.828670937180801)
(1535,80085,7.896315015112677)
(1535,22895,7.898585172301826)
(1535,99190,7.905694150420951)
(1535,60942,7.905694150420951)
(1535,38354,7.905694150420951)
(1535,100667,7.905694150420951)
(1535,9643,7.905694150420951)
(1535,130741,7.905694150420951)
(1535,14871,7.905694150420951)
(1535,11557,7.905694150420951)
(1535,72967,7.905694150420951)
(1535,128591,7.905694150420951)
(1535,124249,7.905694150420951)
(1535,112565,7.905694150420951)
(1535,113084,7.934788783389104)
(1535,104358,7.976296244194288)
(1535,75770,7.976296244194288)
(1535,48630,7.976296244194288)
(1535,125992,7.976296244194288)
(1535,107886,7.976296244194288)
(1535,90964,7.976296244194288)
(1535,142356,7.976296244194288)
(1535,73134,7.976296244194288)
(1535,164860,7.976296244194288)
(1535,123486,7.976296244194288)
(1535,27066,7.976296244194288)
(1535,65472,7.976296244194288)
(1535,164592,7.976296244194288)
(1535,135888,7.976296244194288)
(1535,17454,7.976296244194288)
(1535,39212,7.976296244194288)
(1535,53338,7.976296244194288)
(1535,12631,7.976296244194288)
(1535,126441,7.976296244194288)
(1535,110849,7.976296244194288)
(1535,84069,7.976296244194288)
(1535,32739,7.976296244194288)
(1535,135673,7.976296244194288)
(1535,44259,7.976296244194288)
(1535,143065,7.976296244194288)
(1535,150379,7.976296244194288)
(1535,33687,7.976296244194288)
(1535,53071,7.976296244194288)
(1535,32829,7.976296244194288)
(1535,117693,7.976296244194288)
(1535,2517,7.976296244194288)
(1535,115607,7.976296244194288)
(1535,169761,7.976296244194288)
(1535,129063,7.976296244194288)
(1535,124817,7.976296244194288)
(1535,161075,7.976296244194288)
(1535,56122,8.000000000000002)
(1535,41419,8.000000000000002)
(1535,31165,8.000000000000002)
(1535,1347,8.104874711113071)
(1535,51694,8.108387060401547)
(1535,28124,8.191495084291777)
(1535,83801,8.567916570318596)
(1535,160930,8.615384615384619)
(1535,167555,8.671148204754155)
(1535,124909,8.737594756577899)
(1535,131847,8.964214570007956)
(1535,70522,9.044269819507118)
(1535,76960,9.044269819507118)
(1535,53567,9.044269819507118)
(1535,176819,9.070779227417528)
(1535,73995,9.106069246569485)
(1535,101246,9.126401332862269)
(1535,70238,9.262828941527532)
(1535,103384,9.437680990858242)
(1535,66449,9.437680990858242)
(1535,95462,9.458723783962705)
(1535,23918,9.46563074896371)
(1535,81551,9.68245836551854)
(1535,113328,9.768927917776947)
(1535,24485,9.768927917776947)
(1535,103664,9.9623908159252)
(1535,87797,10.002990996275914)
(1535,174502,10.29735417272709)
(1535,71611,10.29735417272709)
(1535,7333,10.29735417272709)
(1535,89131,10.34935451753848)
(1535,8590,10.456604579119492)
(1535,117991,10.456604579119492)
(1535,38693,10.488088481701519)
(1535,120593,10.562034710431163)
(1535,47319,10.58175274348538)
(1535,83846,10.604932620067832)
(1535,85719,10.651925677792985)
(1535,158545,10.691943316299936)
(1535,79452,10.80431471891179)
(1535,78584,10.823614031567873)
(1535,91371,10.823614031567873)
(1535,34935,10.920632036729042)
(1535,123562,11.040618156476143)
(1535,80450,11.178580504010476)
(1535,123382,11.178580504010476)
(1535,59474,11.178580504010476)
(1535,36790,11.178580504010476)
(1535,35705,11.178580504010476)
(1535,142251,11.178580504010476)
(1535,83960,11.178580504010478)
(1535,96119,11.178580504010478)
(1535,147128,11.280186326045143)
(1535,112798,11.280186326045143)
(1535,60789,11.280186326045143)
(1535,25167,11.280186326045143)
(1535,18531,11.280186326045143)
(1535,105312,11.404433228870754)
(1535,162257,11.404433228870754)
(1535,61375,11.404433228870754)
(1535,86381,11.440103133194095)
(1535,98980,11.856675117638309)
(1535,174194,11.856675117638309)
(1535,96441,11.856675117638309)
(1535,54753,11.856675117638309)
(1535,64965,11.856675117638309)
(1535,110913,11.856675117638309)
(1535,142881,11.856675117638309)
(1535,65904,11.856675117638314)
(1535,77799,11.856675117638314)
(1535,150437,11.856675117638314)
(1535,75734,11.856675117638316)
(1535,69518,12.074246937128226)
(1535,36051,12.074246937128226)
(1535,30818,12.129668304512773)
(1535,162436,12.149132484187641)
(1535,60058,12.221773684446351)
(1535,114186,12.369844607506138)
(1535,42867,12.470715202929776)
(1535,33974,12.563613642384189)
(1535,159543,12.677313820927754)
(1535,80693,12.808688457449504)
(1535,91967,12.954586230366731)
(1535,142915,13.375923260637537)
(1535,161396,13.385752130584109)
(1535,38480,13.499418464268667)
(1535,110638,13.64841737620154)
(1535,69895,13.668407707979625)
(1535,159256,13.690909141724836)
(1535,84438,13.690909141724836)
(1535,165798,13.690909141724836)
(1535,80044,13.690909141724836)
(1535,155604,13.690909141724836)
(1535,138574,13.690909141724836)
(1535,80238,13.690909141724836)
(1535,51154,13.690909141724836)
(1535,119974,13.690909141724836)
(1535,103688,13.690909141724836)
(1535,49232,13.690909141724836)
(1535,42996,13.690909141724836)
(1535,154000,13.690909141724836)
(1535,76367,13.690909141724836)
(1535,131341,13.690909141724836)
(1535,150329,13.690909141724836)
(1535,160203,13.690909141724836)
(1535,128907,13.690909141724836)
(1535,170396,13.69306393762915)
(1535,22264,13.693063937629166)
(1535,138249,13.693063937629166)
(1535,5913,13.693063937629166)
(1535,95418,13.738068980276918)
(1535,107097,13.815350351165316)
(1535,96477,13.815350351165321)
(1535,9266,13.815350351165323)
(1535,79813,13.815350351165332)
(1535,53811,13.815350351165332)
(1535,155535,13.815350351165332)
(1535,167270,13.85640646055102)
(1535,20338,13.856406460551025)
(1535,101771,13.856406460551032)
(1535,100307,13.856406460551032)
(1535,36891,14.096024853364394)
(1535,70914,14.30670468402955)
(1535,156664,14.31782106327637)
(1535,32135,14.40345017709831)
(1535,28005,14.49459098084053)
(1535,132799,14.562657927629834)
(1535,11104,14.621750594373893)
(1535,132322,15.01475398335352)
(1535,128002,15.173107397153467)
(1535,113970,15.210200139158756)
(1535,81913,15.309310892394855)
(1535,32206,15.372741812324907)
(1535,90616,15.52403177630772)
(1535,149985,15.627906976744173)
(1535,105198,15.858844805971254)
(1535,88717,16.1993021571224)
(1535,159078,16.234883078464986)
(1535,65531,16.234883078464986)
(1535,42579,16.817996032470823)
(1535,2262,17.049926686059386)
(1535,176115,17.299409389265037)
(1535,167886,17.5280359450703)
(1535,82758,17.674887700113064)
(1535,136755,17.674887700113064)
(1535,155859,17.674887700113064)
(1535,59336,17.677669529663692)
(1535,151714,17.692280936434614)
(1535,143317,17.835540610694693)
(1535,133544,18.234222001253144)
(1535,97596,18.242899878038052)
(1535,176168,18.242899878038052)
(1535,96245,18.610592861772748)
(1535,87654,18.74642823122773)
(1535,58357,18.74642823122773)
(1535,131319,18.74642823122773)
(1535,7467,18.747049424190966)
(1535,154525,18.77829702371665)
(1535,115779,18.853878911247957)
(1535,143703,19.118314167247625)
(1535,35962,19.147715022983697)
(1535,2388,19.36186938944505)
(1535,108064,19.36186938944505)
(1535,136240,19.36186938944505)
(1535,133533,19.36186938944505)
(1535,110845,19.36186938944505)
(1535,104401,19.36491673103709)
(1535,24436,19.36491673103711)
(1535,19970,19.36491673103711)
(1535,127892,19.36491673103711)
(1535,75723,19.537855835553895)
(1535,101998,19.537855835553916)
(1535,151773,19.595917942265427)
(1535,38712,19.8960260316439)
(1535,164474,20.033270576569414)
(1535,169353,20.324742533205807)
(1535,85471,20.65094521956656)
(1535,88013,21.103296245516606)
(1535,82875,21.298619095589586)
(1535,193,21.779263825057487)
(1535,105478,22.00037754224807)
(1535,75037,22.13502462501521)
(1535,164981,22.181073012818846)
(1535,10969,22.1818080182451)
(1535,141773,22.793228161013097)
(1535,84216,22.958929113429978)
(1535,104732,22.97395197034682)
(1535,44018,22.97395197034682)
(1535,88084,22.97395197034682)
(1535,35334,22.97395197034682)
(1535,38254,22.97395197034682)
(1535,165186,22.97395197034682)
(1535,116304,22.97395197034682)
(1535,43080,22.97395197034682)
(1535,61755,22.97395197034682)
(1535,25321,22.97395197034682)
(1535,137625,22.97395197034682)
(1535,83311,22.97395197034682)
(1535,90503,22.97395197034682)
(1535,33033,22.97395197034682)
(1535,142245,22.97395197034682)
(1535,103695,22.97395197034682)
(1535,1313,22.97395197034682)
(1535,69847,22.97395197034682)
(1535,102345,23.29449808456966)
(1535,171244,23.4331102845912)
(1535,169650,23.713350235276632)
(1535,158544,23.71335023527665)
(1535,132766,23.71335023527665)
(1535,25016,23.71335023527665)
(1535,58290,23.71335023527665)
(1535,22509,23.71335023527665)
(1535,50917,23.71335023527665)
(1535,69285,23.71335023527665)
(1535,83221,23.71335023527665)
(1535,176817,23.71335023527665)
(1535,158267,23.71335023527665)
(1535,57698,23.71482203629176)
(1535,60037,23.928888732582863)
(1535,52926,23.928888732582887)
(1535,125296,24.344270098335933)
(1535,97450,24.578021011496254)
(1535,47536,24.996065898921298)
(1535,80584,25.298221281347033)
(1535,31067,25.60902321501549)
(1535,97280,25.9766736757629)
(1535,45568,26.319968479098534)
(1535,50588,26.511453050656122)
(1535,106389,26.511453050656122)
(1535,149495,26.51233155016956)
(1535,121790,26.512331550169563)
(1535,33624,26.512331550169563)
(1535,26119,26.512331550169588)
(1535,52814,26.923168361046113)
(1535,98436,26.923168361046123)
(1535,71669,27.32520204255895)
(1535,34390,27.703875552769695)
(1535,151268,27.71281292110203)
(1535,154752,28.93897155026679)
(1535,17322,29.042804084167564)
(1535,79753,29.277893574721833)
(1535,140730,29.659244459240785)
(1535,146412,30.89206251818127)
(1535,144585,30.98386676965935)
(1535,75514,31.6549443682749)
(1535,133568,31.862801120398945)
(1535,37684,32.469766156930014)
(1535,23313,32.469766156930014)
(1535,89471,32.643556316761014)
(1535,165121,32.813366743402575)
(1535,119837,32.979445426970145)
(1535,119266,33.23386519678937)
(1535,32439,33.535741512031464)
(1535,107307,33.579090591155534)
(1535,18945,33.97893319741761)
(1535,80585,34.51604468533754)
(1535,72219,35.44630315074037)
(1535,157718,35.45197061940866)
(1535,134787,35.67108122138935)
(1535,48168,35.680877231368626)
(1535,41999,36.222740811384675)
(1535,45743,36.28683300095239)
(1535,147404,36.6606055596467)
(1535,18395,36.99157703901744)
(1535,109938,37.08099243547833)
(1535,36063,37.198969254664405)
(1535,26274,37.49285646245546)
(1535,133945,38.48405701411807)
(1535,168006,39.19183588453085)
(1535,113269,39.7920520632878)
(1535,133917,39.7920520632878)
(1535,64113,39.7920520632878)
(1535,46015,39.792052063287805)
(1535,60784,39.79205206328785)
(1535,139254,39.79205206328785)
(1535,119652,39.79205206328785)
(1535,116532,39.79205206328785)
(1535,132045,39.79205206328785)
(1535,66091,39.79205206328785)
(1535,169399,39.79205206328785)
(1535,54951,39.79205206328785)
(1535,138749,39.79205206328785)
(1535,163053,39.79205206328785)
(1535,161886,40.38709700003921)
(1535,21614,40.40901989517796)
(1535,25606,41.83300132670379)
(1535,113658,42.85735167497631)
(1535,118407,43.29445612627145)
(1535,36971,44.48886668886111)
(1535,89779,44.488866688861116)
(1535,112081,45.12074530418057)
(1535,77582,45.919183666213314)
(1535,27782,45.919183666213314)
(1535,146790,46.06082934555132)
(1535,37009,47.085422765831005)
(1535,146852,47.18840495429119)
(1535,26592,48.40306956027836)
(1535,109126,49.62940851249805)
(1535,49434,50.76724983191191)
(1535,136588,52.989707828997034)
(1535,29910,53.66563145999514)
(1535,66789,54.097873171288384)
(1535,58609,55.8910504804618)
(1535,57292,56.27445970255793)
(1535,15274,56.27445970255793)
(1535,79904,56.27445970255793)
(1535,41357,56.27445970255793)
(1535,24177,56.27445970255793)
(1535,132250,59.2814112035612)
(1535,55083,59.318488918481535)
(1535,142345,59.78378178894832)
(1535,50356,60.783363545880036)
(1535,109564,62.09995892075281)
(1535,174122,63.14935374107127)
(1535,44557,64.11540615267477)
(1535,122563,64.21605600465683)
(1535,8807,67.44995066621875)
(1535,21676,67.95786639483522)
(1535,98822,67.95786639483525)
(1535,59584,68.46966243933302)
(1535,78015,69.12255766274373)
(1535,149739,70.14292569717388)
(1535,46229,71.27481157766822)
(1535,85860,71.4603614802706)
(1535,55784,72.65001508160901)
(1535,51891,72.65001508160901)
(1535,89409,74.09453421137084)
(1535,133425,78.05188243736453)
(1535,71487,79.6348431206535)
(1535,63104,80.99651078561195)
(1535,73334,85.18969392254718)
(1535,90478,87.4833317457294)
(1535,39364,87.73756494482727)
(1535,96903,88.97773337772215)
(1535,57341,88.97773337772239)
(1535,140573,91.17504531882)
(1535,142662,96.3779542176093)
(1535,171187,97.7888882576474)
(1535,77357,99.7826138916777)
(1535,123137,102.74263663502136)
(1535,144920,103.30084227072318)
(1535,59334,104.60814454584998)
(1535,142952,105.27987391639414)
(1535,3660,106.40309078467526)
(1535,35760,109.64564447591037)
(1535,50637,111.35827385044574)
(1535,95428,115.19190122201678)
(1535,50537,120.47642051967904)
(1535,171516,121.56672709176007)
(1535,76143,121.56672709176007)
(1535,18855,121.56672709176007)
(1535,47445,121.56672709176007)
(1535,168506,123.89243180839166)
(1535,137025,124.1822228328633)
(1535,91891,125.83351729199192)
(1535,43562,127.57560783427903)
(1535,136212,128.39149115108827)
(1535,58049,129.8790646277199)
(1535,139025,130.5735921347152)
(1535,42615,133.18513899831333)
(1535,66344,136.222825985844)
(1535,84944,140.6306817034024)
(1535,42724,146.4558155161176)
(1535,118051,147.10938857432126)
(1535,163429,169.587289701853)
(1535,103733,170.37938784509467)
(1535,130672,177.9554667554442)
(1535,30824,181.3293434870941)
(1535,100808,185.54149606599762)
(1535,142928,191.99385921249834)
(1535,11558,192.0650717513652)
(1535,45375,202.2597259712373)
(1535,3282,219.15753395983987)
(1535,92804,228.1256746988164)
(1535,102226,284.92104169401006)
(1535,97469,287.86279310518927)
(1535,139948,327.8766538458853)
(1535,149456,349.1738397566007)
(1535,142878,353.85107518391465)
(1535,152460,743.1023925086245)
(1535,134744,Infinity)
(1535,93950,Infinity)
(1535,18784,Infinity)
(1535,13278,Infinity)
(1535,57840,Infinity)
(1535,7020,Infinity)
(1535,54710,Infinity)
(1535,65434,Infinity)
(1535,173922,Infinity)
(1535,103438,Infinity)
(1535,9416,Infinity)
(1535,169682,Infinity)
(1535,152150,Infinity)
(1535,125376,Infinity)
(1535,125428,Infinity)
(1535,55438,Infinity)
(1535,65594,Infinity)
(1535,75280,Infinity)
(1535,150962,Infinity)
(1535,28218,Infinity)
(1535,96732,Infinity)
(1535,47178,Infinity)
(1535,113266,Infinity)
(1535,61146,Infinity)
(1535,47378,Infinity)
(1535,38458,Infinity)
(1535,90838,Infinity)
(1535,54336,Infinity)
(1535,174278,Infinity)
(1535,134074,Infinity)
(1535,170076,Infinity)
(1535,31034,Infinity)
(1535,81266,Infinity)
(1535,100718,Infinity)
(1535,28704,Infinity)
(1535,142154,Infinity)
(1535,162968,Infinity)
(1535,110634,Infinity)
(1535,87922,Infinity)
(1535,103890,Infinity)
(1535,162206,Infinity)
(1535,97564,Infinity)
(1535,136824,Infinity)
(1535,26132,Infinity)
(1535,19200,Infinity)
(1535,93960,Infinity)
(1535,174928,Infinity)
(1535,47950,Infinity)
(1535,60510,Infinity)
(1535,60488,Infinity)
(1535,70352,Infinity)
(1535,73996,Infinity)
(1535,104582,Infinity)
(1535,137970,Infinity)
(1535,52638,Infinity)
(1535,92990,Infinity)
(1535,7632,Infinity)
(1535,11508,Infinity)
(1535,63062,Infinity)
(1535,70048,Infinity)
(1535,49274,Infinity)
(1535,147246,Infinity)
(1535,23052,Infinity)
(1535,87078,Infinity)
(1535,75494,Infinity)
(1535,13508,Infinity)
(1535,130890,Infinity)
(1535,97874,Infinity)
(1535,177516,Infinity)
(1535,96938,Infinity)
(1535,41154,Infinity)
(1535,102572,Infinity)
(1535,66584,Infinity)
(1535,33326,Infinity)
(1535,87328,Infinity)
(1535,114556,Infinity)
(1535,92840,Infinity)
(1535,86432,Infinity)
(1535,153762,Infinity)
(1535,33064,Infinity)
(1535,134968,Infinity)
(1535,45224,Infinity)
(1535,71398,Infinity)
(1535,25686,Infinity)
(1535,9822,Infinity)
(1535,122170,Infinity)
(1535,91064,Infinity)
(1535,127028,Infinity)
(1535,101686,Infinity)
(1535,48938,Infinity)
(1535,11160,Infinity)
(1535,86336,Infinity)
(1535,175748,Infinity)
(1535,112342,Infinity)
(1535,39676,Infinity)
(1535,114740,Infinity)
(1535,142152,Infinity)
(1535,36110,Infinity)
(1535,153632,Infinity)
(1535,172542,Infinity)
(1535,126512,Infinity)
(1535,38668,Infinity)
(1535,115142,Infinity)
(1535,49580,Infinity)
(1535,42424,Infinity)
(1535,44348,Infinity)
(1535,61424,Infinity)
(1535,62996,Infinity)
(1535,21482,Infinity)
(1535,177534,Infinity)
(1535,133422,Infinity)
(1535,11132,Infinity)
(1535,1066,Infinity)
(1535,78400,Infinity)
(1535,27780,Infinity)
(1535,139122,Infinity)
(1535,54852,Infinity)
(1535,104506,Infinity)
(1535,103290,Infinity)
(1535,173668,Infinity)
(1535,94888,Infinity)
(1535,158618,Infinity)
(1535,33340,Infinity)
(1535,45278,Infinity)
(1535,150574,Infinity)
(1535,108760,Infinity)
(1535,130076,Infinity)
(1535,53904,Infinity)
(1535,22460,Infinity)
(1535,54654,Infinity)
(1535,102260,Infinity)
(1535,15942,Infinity)
(1535,16748,Infinity)
(1535,101554,Infinity)
(1535,119712,Infinity)
(1535,163130,Infinity)
(1535,26674,Infinity)
(1535,39152,Infinity)
(1535,43286,Infinity)
(1535,153928,Infinity)
(1535,91470,Infinity)
(1535,134320,Infinity)
(1535,16292,Infinity)
(1535,102782,Infinity)
(1535,31030,Infinity)
(1535,118764,Infinity)
(1535,53428,Infinity)
(1535,148846,Infinity)
(1535,1988,Infinity)
(1535,74416,Infinity)
(1535,8988,Infinity)
(1535,155654,Infinity)
(1535,5228,Infinity)
(1535,25854,Infinity)
(1535,17106,Infinity)
(1535,130132,Infinity)
(1535,132440,Infinity)
(1535,111108,Infinity)
(1535,121576,Infinity)
(1535,130252,Infinity)
(1535,77902,Infinity)
(1535,10860,Infinity)
(1535,75632,Infinity)
(1535,134950,Infinity)
(1535,43754,Infinity)
(1535,44648,Infinity)
(1535,169664,Infinity)
(1535,85620,Infinity)
(1535,28112,Infinity)
(1535,102350,Infinity)
(1535,22832,Infinity)
(1535,167206,Infinity)
(1535,45578,Infinity)
(1535,50788,Infinity)
(1535,175702,Infinity)
(1535,103128,Infinity)
(1535,102884,Infinity)
(1535,14738,Infinity)
(1535,139738,Infinity)
(1535,46500,Infinity)
(1535,17108,Infinity)
(1535,115668,Infinity)
(1535,155168,Infinity)
(1535,65440,Infinity)
(1535,7264,Infinity)
(1535,94154,Infinity)
(1535,61032,Infinity)
(1535,45398,Infinity)
(1535,166656,Infinity)
(1535,68322,Infinity)
(1535,86072,Infinity)
(1535,5740,Infinity)
(1535,2112,Infinity)
(1535,159996,Infinity)
(1535,15206,Infinity)
(1535,68144,Infinity)
(1535,97912,Infinity)
(1535,118894,Infinity)
(1535,39360,Infinity)
(1535,17912,Infinity)
(1535,74198,Infinity)
(1535,116654,Infinity)
(1535,155766,Infinity)
(1535,95396,Infinity)
(1535,83294,Infinity)
(1535,51682,Infinity)
(1535,26720,Infinity)
(1535,84034,Infinity)
(1535,55368,Infinity)
(1535,113740,Infinity)
(1535,75560,Infinity)
(1535,146248,Infinity)
(1535,119756,Infinity)
(1535,50200,Infinity)
(1535,130174,Infinity)
(1535,22528,Infinity)
(1535,174238,Infinity)
(1535,78646,Infinity)
(1535,33492,Infinity)
(1535,4132,Infinity)
(1535,94242,Infinity)
(1535,138320,Infinity)
(1535,103730,Infinity)
(1535,16602,Infinity)
(1535,168570,Infinity)
(1535,165606,Infinity)
(1535,167250,Infinity)
(1535,84768,Infinity)
(1535,66242,Infinity)
(1535,13074,Infinity)
(1535,75366,Infinity)
(1535,157112,Infinity)
(1535,148030,Infinity)
(1535,44554,Infinity)
(1535,45008,Infinity)
(1535,41494,Infinity)
(1535,9736,Infinity)
(1535,161256,Infinity)
(1535,96726,Infinity)
(1535,156182,Infinity)
(1535,74194,Infinity)
(1535,98546,Infinity)
(1535,140412,Infinity)
(1535,123188,Infinity)
(1535,99612,Infinity)
(1535,66962,Infinity)
(1535,115476,Infinity)
(1535,59628,Infinity)
(1535,131860,Infinity)
(1535,25232,Infinity)
(1535,159562,Infinity)
(1535,135870,Infinity)
(1535,81526,Infinity)
(1535,167986,Infinity)
(1535,52472,Infinity)
(1535,148920,Infinity)
(1535,69086,Infinity)
(1535,44728,Infinity)
(1535,14570,Infinity)
(1535,161258,Infinity)
(1535,69820,Infinity)
(1535,128682,Infinity)
(1535,90994,Infinity)
(1535,9680,Infinity)
(1535,150844,Infinity)
(1535,171412,Infinity)
(1535,173252,Infinity)
(1535,8954,Infinity)
(1535,3024,Infinity)
(1535,37656,Infinity)
(1535,156492,Infinity)
(1535,87348,Infinity)
(1535,133024,Infinity)
(1535,102844,Infinity)
(1535,30524,Infinity)
(1535,78720,Infinity)
(1535,58868,Infinity)
(1535,52098,Infinity)
(1535,106412,Infinity)
(1535,160710,Infinity)
(1535,130532,Infinity)
(1535,49854,Infinity)
(1535,52260,Infinity)
(1535,55208,Infinity)
(1535,161694,Infinity)
(1535,95384,Infinity)
(1535,40280,Infinity)
(1535,83850,Infinity)
(1535,37632,Infinity)
(1535,87032,Infinity)
(1535,12528,Infinity)
(1535,147024,Infinity)
(1535,108810,Infinity)
(1535,95414,Infinity)
(1535,26330,Infinity)
(1535,99254,Infinity)
(1535,117620,Infinity)
(1535,28502,Infinity)
(1535,85700,Infinity)
(1535,174374,Infinity)
(1535,172218,Infinity)
(1535,65876,Infinity)
(1535,50514,Infinity)
(1535,107696,Infinity)
(1535,109594,Infinity)
(1535,98430,Infinity)
(1535,174950,Infinity)
(1535,175412,Infinity)
(1535,80578,Infinity)
(1535,130184,Infinity)
(1535,70680,Infinity)
(1535,7402,Infinity)
(1535,116364,Infinity)
(1535,54258,Infinity)
(1535,25336,Infinity)
(1535,116152,Infinity)
(1535,57862,Infinity)
(1535,20106,Infinity)
(1535,158722,Infinity)
(1535,34234,Infinity)
(1535,86216,Infinity)
(1535,86064,Infinity)
(1535,120878,Infinity)
(1535,42630,Infinity)
(1535,56208,Infinity)
(1535,175964,Infinity)
(1535,117890,Infinity)
(1535,40148,Infinity)
(1535,102610,Infinity)
(1535,140800,Infinity)
(1535,108092,Infinity)
(1535,132572,Infinity)
(1535,63320,Infinity)
(1535,150780,Infinity)
(1535,2640,Infinity)
(1535,160940,Infinity)
(1535,54212,Infinity)
(1535,91944,Infinity)
(1535,94720,Infinity)
(1535,34838,Infinity)
(1535,38532,Infinity)
(1535,123722,Infinity)
(1535,171946,Infinity)
(1535,7524,Infinity)
(1535,137356,Infinity)
(1535,14544,Infinity)
(1535,44460,Infinity)
(1535,6288,Infinity)
(1535,157594,Infinity)
(1535,177842,Infinity)
(1535,152588,Infinity)
(1535,3482,Infinity)
(1535,108378,Infinity)
(1535,11596,Infinity)
(1535,23962,Infinity)
(1535,165458,Infinity)
(1535,129844,Infinity)
(1535,110822,Infinity)
(1535,68140,Infinity)
(1535,141136,Infinity)
(1535,101696,Infinity)
(1535,15950,Infinity)
(1535,52234,Infinity)
(1535,121430,Infinity)
(1535,55332,Infinity)
(1535,159704,Infinity)
(1535,148634,Infinity)
(1535,86296,Infinity)
(1535,124002,Infinity)
(1535,103230,Infinity)
(1535,45682,Infinity)
(1535,114746,Infinity)
(1535,109784,Infinity)
(1535,22732,Infinity)
(1535,170362,Infinity)
(1535,75082,Infinity)
(1535,78200,Infinity)
(1535,1744,Infinity)
(1535,109706,Infinity)
(1535,8608,Infinity)
(1535,71040,Infinity)
(1535,47972,Infinity)
(1535,97622,Infinity)
(1535,62560,Infinity)
(1535,78068,Infinity)
(1535,140142,Infinity)
(1535,40662,Infinity)
(1535,175696,Infinity)
(1535,119354,Infinity)
(1535,52668,Infinity)
(1535,88884,Infinity)
(1535,48544,Infinity)
(1535,165586,Infinity)
(1535,154486,Infinity)
(1535,162818,Infinity)
(1535,23840,Infinity)
(1535,112538,Infinity)
(1535,159654,Infinity)
(1535,57692,Infinity)
(1535,176394,Infinity)
(1535,96796,Infinity)
(1535,21608,Infinity)
(1535,81434,Infinity)
(1535,31538,Infinity)
(1535,87808,Infinity)
(1535,146076,Infinity)
(1535,29906,Infinity)
(1535,108284,Infinity)
(1535,59780,Infinity)
(1535,123706,Infinity)
(1535,105424,Infinity)
(1535,105578,Infinity)
(1535,173154,Infinity)
(1535,74702,Infinity)
(1535,34072,Infinity)
(1535,172752,Infinity)
(1535,16228,Infinity)
(1535,136500,Infinity)
(1535,39532,Infinity)
(1535,133374,Infinity)
(1535,141580,Infinity)
(1535,22256,Infinity)
(1535,150980,Infinity)
(1535,108094,Infinity)
(1535,41054,Infinity)
(1535,53690,Infinity)
(1535,5978,Infinity)
(1535,79166,Infinity)
(1535,113274,Infinity)
(1535,107572,Infinity)
(1535,168148,Infinity)
(1535,123984,Infinity)
(1535,34714,Infinity)
(1535,87590,Infinity)
(1535,137394,Infinity)
(1535,52434,Infinity)
(1535,143156,Infinity)
(1535,120950,Infinity)
(1535,21746,Infinity)
(1535,84858,Infinity)
(1535,96844,Infinity)
(1535,34446,Infinity)
(1535,108322,Infinity)
(1535,37958,Infinity)
(1535,124490,Infinity)
(1535,18672,Infinity)
(1535,79436,Infinity)
(1535,3656,Infinity)
(1535,19270,Infinity)
(1535,133312,Infinity)
(1535,98818,Infinity)
(1535,112588,Infinity)
(1535,151888,Infinity)
(1535,50156,Infinity)
(1535,115108,Infinity)
(1535,164812,Infinity)
(1535,24768,Infinity)
(1535,141254,Infinity)
(1535,4340,Infinity)
(1535,130248,Infinity)
(1535,134134,Infinity)
(1535,422,Infinity)
(1535,121348,Infinity)
(1535,61038,Infinity)
(1535,93766,Infinity)
(1535,174848,Infinity)
(1535,79970,Infinity)
(1535,171352,Infinity)
(1535,28092,Infinity)
(1535,125662,Infinity)
(1535,7630,Infinity)
(1535,76940,Infinity)
(1535,40512,Infinity)
(1535,37182,Infinity)
(1535,85350,Infinity)
(1535,146116,Infinity)
(1535,28158,Infinity)
(1535,85072,Infinity)
(1535,90086,Infinity)
(1535,97502,Infinity)
(1535,93618,Infinity)
(1535,117072,Infinity)
(1535,120092,Infinity)
(1535,142868,Infinity)
(1535,162778,Infinity)
(1535,92120,Infinity)
(1535,115090,Infinity)
(1535,59652,Infinity)
(1535,81370,Infinity)
(1535,8452,Infinity)
(1535,6196,Infinity)
(1535,192,Infinity)
(1535,73506,Infinity)
(1535,36406,Infinity)
(1535,88092,Infinity)
(1535,143698,Infinity)
(1535,58676,Infinity)
(1535,66896,Infinity)
(1535,28654,Infinity)
(1535,104602,Infinity)
(1535,6688,Infinity)
(1535,123618,Infinity)
(1535,1942,Infinity)
(1535,57992,Infinity)
(1535,51252,Infinity)
(1535,176376,Infinity)
(1535,10496,Infinity)
(1535,53334,Infinity)
(1535,111458,Infinity)
(1535,115972,Infinity)
(1535,143422,Infinity)
(1535,139590,Infinity)
(1535,4798,Infinity)
(1535,19510,Infinity)
(1535,59970,Infinity)
(1535,151644,Infinity)
(1535,125118,Infinity)
(1535,55256,Infinity)
(1535,35648,Infinity)
(1535,26940,Infinity)
(1535,92376,Infinity)
(1535,47240,Infinity)
(1535,114050,Infinity)
(1535,26214,Infinity)
(1535,28004,Infinity)
(1535,120546,Infinity)
(1535,83564,Infinity)
(1535,85080,Infinity)
(1535,133016,Infinity)
(1535,156396,Infinity)
(1535,93946,Infinity)
(1535,124058,Infinity)
(1535,134606,Infinity)
(1535,122340,Infinity)
(1535,155118,Infinity)
(1535,117426,Infinity)
(1535,68072,Infinity)
(1535,158578,Infinity)
(1535,84552,Infinity)
(1535,171998,Infinity)
(1535,56900,Infinity)
(1535,104618,Infinity)
(1535,62876,Infinity)
(1535,26932,Infinity)
(1535,92730,Infinity)
(1535,107512,Infinity)
(1535,73324,Infinity)
(1535,137098,Infinity)
(1535,31338,Infinity)
(1535,39438,Infinity)
(1535,57576,Infinity)
(1535,130986,Infinity)
(1535,166374,Infinity)
(1535,7360,Infinity)
(1535,56642,Infinity)
(1535,132810,Infinity)
(1535,88530,Infinity)
(1535,73982,Infinity)
(1535,23888,Infinity)
(1535,36296,Infinity)
(1535,59888,Infinity)
(1535,80514,Infinity)
(1535,123718,Infinity)
(1535,91950,Infinity)
(1535,50330,Infinity)
(1535,25742,Infinity)
(1535,139814,Infinity)
(1535,1708,Infinity)
(1535,52304,Infinity)
(1535,150200,Infinity)
(1535,122350,Infinity)
(1535,89734,Infinity)
(1535,108282,Infinity)
(1535,138354,Infinity)
(1535,173232,Infinity)
(1535,119698,Infinity)
(1535,64508,Infinity)
(1535,39520,Infinity)
(1535,94384,Infinity)
(1535,61722,Infinity)
(1535,102360,Infinity)
(1535,129108,Infinity)
(1535,99574,Infinity)
(1535,71678,Infinity)
(1535,46606,Infinity)
(1535,165468,Infinity)
(1535,89362,Infinity)
(1535,127612,Infinity)
(1535,6718,Infinity)
(1535,155498,Infinity)
(1535,67754,Infinity)
(1535,26778,Infinity)
(1535,171612,Infinity)
(1535,129596,Infinity)
(1535,31976,Infinity)
(1535,155710,Infinity)
(1535,63372,Infinity)
(1535,31130,Infinity)
(1535,155816,Infinity)
(1535,92162,Infinity)
(1535,131154,Infinity)
(1535,155000,Infinity)
(1535,12144,Infinity)
(1535,126130,Infinity)
(1535,97328,Infinity)
(1535,62922,Infinity)
(1535,161948,Infinity)
(1535,47312,Infinity)
(1535,115026,Infinity)
(1535,69460,Infinity)
(1535,18158,Infinity)
(1535,137126,Infinity)
(1535,170546,Infinity)
(1535,172238,Infinity)
(1535,20626,Infinity)
(1535,132954,Infinity)
(1535,142044,Infinity)
(1535,34414,Infinity)
(1535,75760,Infinity)
(1535,16426,Infinity)
(1535,69284,Infinity)
(1535,25938,Infinity)
(1535,3088,Infinity)
(1535,106998,Infinity)
(1535,152872,Infinity)
(1535,148996,Infinity)
(1535,14196,Infinity)
(1535,155190,Infinity)
(1535,52846,Infinity)
(1535,18134,Infinity)
(1535,1578,Infinity)
(1535,50272,Infinity)
(1535,151082,Infinity)
(1535,21924,Infinity)
(1535,79098,Infinity)
(1535,156886,Infinity)
(1535,32608,Infinity)
(1535,140006,Infinity)
(1535,36508,Infinity)
(1535,151934,Infinity)
(1535,137026,Infinity)
(1535,48166,Infinity)
(1535,62780,Infinity)
(1535,65484,Infinity)
(1535,64268,Infinity)
(1535,126252,Infinity)
(1535,147798,Infinity)
(1535,167714,Infinity)
(1535,10256,Infinity)
(1535,47452,Infinity)
(1535,16142,Infinity)
(1535,47800,Infinity)
(1535,18414,Infinity)
(1535,21642,Infinity)
(1535,128676,Infinity)
(1535,103898,Infinity)
(1535,170296,Infinity)
(1535,162076,Infinity)
(1535,133896,Infinity)
(1535,36934,Infinity)
(1535,46396,Infinity)
(1535,101078,Infinity)
(1535,165896,Infinity)
(1535,161210,Infinity)
(1535,91260,Infinity)
(1535,32408,Infinity)
(1535,66396,Infinity)
(1535,71404,Infinity)
(1535,3290,Infinity)
(1535,152552,Infinity)
(1535,82602,Infinity)
(1535,78392,Infinity)
(1535,130038,Infinity)
(1535,92372,Infinity)
(1535,130288,Infinity)
(1535,50576,Infinity)
(1535,24288,Infinity)
(1535,20606,Infinity)
(1535,86044,Infinity)
(1535,88008,Infinity)
(1535,58068,Infinity)
(1535,126566,Infinity)
(1535,85568,Infinity)
(1535,24854,Infinity)
(1535,25470,Infinity)
(1535,86350,Infinity)
(1535,138522,Infinity)
(1535,156844,Infinity)
(1535,102634,Infinity)
(1535,46066,Infinity)
(1535,67394,Infinity)
(1535,150244,Infinity)
(1535,27880,Infinity)
(1535,86084,Infinity)
(1535,39196,Infinity)
(1535,25146,Infinity)
(1535,99754,Infinity)
(1535,51736,Infinity)
(1535,34216,Infinity)
(1535,78408,Infinity)
(1535,102786,Infinity)
(1535,128970,Infinity)
(1535,60296,Infinity)
(1535,111828,Infinity)
(1535,88364,Infinity)
(1535,110218,Infinity)
(1535,169806,Infinity)
(1535,119884,Infinity)
(1535,81762,Infinity)
(1535,85342,Infinity)
(1535,9324,Infinity)
(1535,86922,Infinity)
(1535,49292,Infinity)
(1535,57220,Infinity)
(1535,146636,Infinity)
(1535,122720,Infinity)
(1535,27556,Infinity)
(1535,82992,Infinity)
(1535,14900,Infinity)
(1535,110852,Infinity)
(1535,12210,Infinity)
(1535,14152,Infinity)
(1535,132580,Infinity)
(1535,49888,Infinity)
(1535,17402,Infinity)
(1535,113664,Infinity)
(1535,154014,Infinity)
(1535,148540,Infinity)
(1535,90548,Infinity)
(1535,46412,Infinity)
(1535,117700,Infinity)
(1535,11468,Infinity)
(1535,52382,Infinity)
(1535,150494,Infinity)
(1535,94710,Infinity)
(1535,8938,Infinity)
(1535,139942,Infinity)
(1535,148744,Infinity)
(1535,84970,Infinity)
(1535,117982,Infinity)
(1535,155308,Infinity)
(1535,98732,Infinity)
(1535,75800,Infinity)
(1535,100958,Infinity)
(1535,102182,Infinity)
(1535,171954,Infinity)
(1535,147634,Infinity)
(1535,154304,Infinity)
(1535,42076,Infinity)
(1535,92664,Infinity)
(1535,68604,Infinity)
(1535,10332,Infinity)
(1535,162132,Infinity)
(1535,56462,Infinity)
(1535,31408,Infinity)
(1535,102300,Infinity)
(1535,5828,Infinity)
(1535,32684,Infinity)
(1535,70112,Infinity)
(1535,118162,Infinity)
(1535,11492,Infinity)
(1535,78936,Infinity)
(1535,36476,Infinity)
(1535,10428,Infinity)
(1535,62008,Infinity)
(1535,21960,Infinity)
(1535,830,Infinity)
(1535,52704,Infinity)
(1535,115928,Infinity)
(1535,120262,Infinity)
(1535,173726,Infinity)
(1535,116154,Infinity)
(1535,10728,Infinity)
(1535,77202,Infinity)
(1535,61276,Infinity)
(1535,4990,Infinity)
(1535,15300,Infinity)
(1535,82228,Infinity)
(1535,100846,Infinity)
(1535,136182,Infinity)
(1535,118556,Infinity)
(1535,45524,Infinity)
(1535,129994,Infinity)
(1535,35938,Infinity)
(1535,38870,Infinity)
(1535,44430,Infinity)
(1535,11106,Infinity)
(1535,165010,Infinity)
(1535,145362,Infinity)
(1535,106790,Infinity)
(1535,123400,Infinity)
(1535,66474,Infinity)
(1535,17404,Infinity)
(1535,130804,Infinity)
(1535,98194,Infinity)
(1535,18832,Infinity)
(1535,79522,Infinity)
(1535,21196,Infinity)
(1535,121182,Infinity)
(1535,63818,Infinity)
(1535,8212,Infinity)
(1535,22656,Infinity)
(1535,74836,Infinity)
(1535,150570,Infinity)
(1535,136576,Infinity)
(1535,23764,Infinity)
(1535,162810,Infinity)
(1535,163962,Infinity)
(1535,87538,Infinity)
(1535,80522,Infinity)
(1535,99360,Infinity)
(1535,29754,Infinity)
(1535,105974,Infinity)
(1535,55152,Infinity)
(1535,55250,Infinity)
(1535,108676,Infinity)
(1535,120504,Infinity)
(1535,146124,Infinity)
(1535,69514,Infinity)
(1535,31310,Infinity)
(1535,156066,Infinity)
(1535,83804,Infinity)
(1535,167882,Infinity)
(1535,80790,Infinity)
(1535,32350,Infinity)
(1535,91340,Infinity)
(1535,120620,Infinity)
(1535,132328,Infinity)
(1535,61220,Infinity)
(1535,109294,Infinity)
(1535,95254,Infinity)
(1535,11080,Infinity)
(1535,53602,Infinity)
(1535,12234,Infinity)
(1535,127816,Infinity)
(1535,92646,Infinity)
(1535,165208,Infinity)
(1535,53484,Infinity)
(1535,84368,Infinity)
(1535,160886,Infinity)
(1535,18356,Infinity)
(1535,8016,Infinity)
(1535,29448,Infinity)
(1535,168334,Infinity)
(1535,142924,Infinity)
(1535,8080,Infinity)
(1535,2232,Infinity)
(1535,30338,Infinity)
(1535,133668,Infinity)
(1535,107374,Infinity)
(1535,1712,Infinity)
(1535,127148,Infinity)
(1535,594,Infinity)
(1535,62612,Infinity)
(1535,148618,Infinity)
(1535,93580,Infinity)
(1535,11482,Infinity)
(1535,22012,Infinity)
(1535,86070,Infinity)
(1535,39242,Infinity)
(1535,116466,Infinity)
(1535,146586,Infinity)
(1535,1628,Infinity)
(1535,129246,Infinity)
(1535,145300,Infinity)
(1535,38288,Infinity)
(1535,131088,Infinity)
(1535,151606,Infinity)
(1535,148626,Infinity)
(1535,41324,Infinity)
(1535,117362,Infinity)
(1535,168204,Infinity)
(1535,76998,Infinity)
(1535,25754,Infinity)
(1535,50768,Infinity)
(1535,172720,Infinity)
(1535,69254,Infinity)
(1535,100072,Infinity)
(1535,96907,Infinity)
(1535,124031,Infinity)
(1535,38491,Infinity)
(1535,42341,Infinity)
(1535,40405,Infinity)
(1535,137765,Infinity)
(1535,148683,Infinity)
(1535,123183,Infinity)
(1535,114699,Infinity)
(1535,74699,Infinity)
(1535,19959,Infinity)
(1535,106341,Infinity)
(1535,50077,Infinity)
(1535,102795,Infinity)
(1535,122009,Infinity)
(1535,159447,Infinity)
(1535,163845,Infinity)
(1535,162939,Infinity)
(1535,57159,Infinity)
(1535,42035,Infinity)
(1535,69419,Infinity)
(1535,127679,Infinity)
(1535,129829,Infinity)
(1535,104529,Infinity)
(1535,169965,Infinity)
(1535,125933,Infinity)
(1535,12881,Infinity)
(1535,72031,Infinity)
(1535,56175,Infinity)
(1535,15279,Infinity)
(1535,108179,Infinity)
(1535,60015,Infinity)
(1535,167351,Infinity)
(1535,12563,Infinity)
(1535,29341,Infinity)
(1535,106899,Infinity)
(1535,162213,Infinity)
(1535,147885,Infinity)
(1535,91735,Infinity)
(1535,71745,Infinity)
(1535,30463,Infinity)
(1535,101817,Infinity)
(1535,171195,Infinity)
(1535,47687,Infinity)
(1535,87039,Infinity)
(1535,131711,Infinity)
(1535,12279,Infinity)
(1535,16725,Infinity)
(1535,120511,Infinity)
(1535,140747,Infinity)
(1535,120243,Infinity)
(1535,57079,Infinity)
(1535,107737,Infinity)
(1535,67617,Infinity)
(1535,24125,Infinity)
(1535,115703,Infinity)
(1535,86323,Infinity)
(1535,145427,Infinity)
(1535,165263,Infinity)
(1535,83437,Infinity)
(1535,80683,Infinity)
(1535,15171,Infinity)
(1535,6531,Infinity)
(1535,110955,Infinity)
(1535,107287,Infinity)
(1535,102093,Infinity)
(1535,26877,Infinity)
(1535,168485,Infinity)
(1535,103779,Infinity)
(1535,174491,Infinity)
(1535,61555,Infinity)
(1535,106531,Infinity)
(1535,64897,Infinity)
(1535,116287,Infinity)
(1535,157843,Infinity)
(1535,172069,Infinity)
(1535,76691,Infinity)
(1535,154445,Infinity)
(1535,154079,Infinity)
(1535,162253,Infinity)
(1535,90809,Infinity)
(1535,161013,Infinity)
(1535,107783,Infinity)
(1535,124097,Infinity)
(1535,27829,Infinity)
(1535,155745,Infinity)
(1535,20293,Infinity)
(1535,38505,Infinity)
(1535,121047,Infinity)
(1535,101405,Infinity)
(1535,140727,Infinity)
(1535,124441,Infinity)
(1535,145139,Infinity)
(1535,96687,Infinity)
(1535,174853,Infinity)
(1535,130337,Infinity)
(1535,160509,Infinity)
(1535,75521,Infinity)
(1535,22017,Infinity)
(1535,82299,Infinity)
(1535,106811,Infinity)
(1535,112683,Infinity)
(1535,90469,Infinity)
(1535,168417,Infinity)
(1535,8731,Infinity)
(1535,66893,Infinity)
(1535,66991,Infinity)
(1535,40591,Infinity)
(1535,86313,Infinity)
(1535,156507,Infinity)
(1535,33263,Infinity)
(1535,139959,Infinity)
(1535,107517,Infinity)
(1535,96721,Infinity)
(1535,7229,Infinity)
(1535,83151,Infinity)
(1535,10723,Infinity)
(1535,35195,Infinity)
(1535,89585,Infinity)
(1535,144375,Infinity)
(1535,45111,Infinity)
(1535,155273,Infinity)
(1535,105803,Infinity)
(1535,18373,Infinity)
(1535,26035,Infinity)
(1535,138727,Infinity)
(1535,175613,Infinity)
(1535,64229,Infinity)
(1535,104717,Infinity)
(1535,35421,Infinity)
(1535,32819,Infinity)
(1535,65579,Infinity)
(1535,67621,Infinity)
(1535,78203,Infinity)
(1535,92047,Infinity)
(1535,42267,Infinity)
(1535,13555,Infinity)
(1535,169083,Infinity)
(1535,57787,Infinity)
(1535,52467,Infinity)
(1535,60987,Infinity)
(1535,143339,Infinity)
(1535,17759,Infinity)
(1535,36531,Infinity)
(1535,123105,Infinity)
(1535,169653,Infinity)
(1535,34773,Infinity)
(1535,166737,Infinity)
(1535,128139,Infinity)
(1535,115235,Infinity)
(1535,28297,Infinity)
(1535,128603,Infinity)
(1535,79211,Infinity)
(1535,99429,Infinity)
(1535,1865,Infinity)
(1535,28935,Infinity)
(1535,106005,Infinity)
(1535,124363,Infinity)
(1535,34531,Infinity)
(1535,75551,Infinity)
(1535,68843,Infinity)
(1535,156223,Infinity)
(1535,50913,Infinity)
(1535,126681,Infinity)
(1535,80825,Infinity)
(1535,31545,Infinity)
(1535,17581,Infinity)
(1535,112869,Infinity)
(1535,171133,Infinity)
(1535,106343,Infinity)
(1535,168269,Infinity)
(1535,41403,Infinity)
(1535,84005,Infinity)
(1535,173653,Infinity)
(1535,157123,Infinity)
(1535,34009,Infinity)
(1535,118383,Infinity)
(1535,169637,Infinity)
(1535,84243,Infinity)
(1535,126403,Infinity)
(1535,127897,Infinity)
(1535,170835,Infinity)
(1535,73411,Infinity)
(1535,176683,Infinity)
(1535,1511,Infinity)
(1535,65625,Infinity)
(1535,176085,Infinity)
(1535,58039,Infinity)
(1535,7539,Infinity)
(1535,33047,Infinity)
(1535,126331,Infinity)
(1535,45367,Infinity)
(1535,150579,Infinity)
(1535,71469,Infinity)
(1535,47465,Infinity)
(1535,125473,Infinity)
(1535,156853,Infinity)
(1535,17151,Infinity)
(1535,85067,Infinity)
(1535,54625,Infinity)
(1535,150161,Infinity)
(1535,161961,Infinity)
(1535,25137,Infinity)
(1535,30749,Infinity)
(1535,126025,Infinity)
(1535,32361,Infinity)
(1535,29061,Infinity)
(1535,36007,Infinity)
(1535,160281,Infinity)
(1535,583,Infinity)
(1535,136483,Infinity)
(1535,60657,Infinity)
(1535,169967,Infinity)
(1535,27075,Infinity)
(1535,113863,Infinity)
(1535,41367,Infinity)
(1535,30913,Infinity)
(1535,130625,Infinity)
(1535,48015,Infinity)
(1535,91363,Infinity)
(1535,45871,Infinity)
(1535,35985,Infinity)
(1535,138775,Infinity)
(1535,23303,Infinity)
(1535,164683,Infinity)
(1535,9711,Infinity)
(1535,81483,Infinity)
(1535,138077,Infinity)
(1535,64233,Infinity)
(1535,18097,Infinity)
(1535,54371,Infinity)
(1535,102653,Infinity)
(1535,136181,Infinity)
(1535,146961,Infinity)
(1535,128493,Infinity)
(1535,28175,Infinity)
(1535,28495,Infinity)
(1535,31059,Infinity)
(1535,95767,Infinity)
(1535,136699,Infinity)
(1535,160677,Infinity)
(1535,33811,Infinity)
(1535,143951,Infinity)
(1535,153143,Infinity)
(1535,49749,Infinity)
(1535,73113,Infinity)
(1535,11025,Infinity)
(1535,94901,Infinity)
(1535,162581,Infinity)
(1535,58781,Infinity)
(1535,162433,Infinity)
(1535,60927,Infinity)
(1535,7871,Infinity)
(1535,144885,Infinity)
(1535,52525,Infinity)
(1535,158377,Infinity)
(1535,62315,Infinity)
(1535,59895,Infinity)
(1535,86615,Infinity)
(1535,113543,Infinity)
(1535,176693,Infinity)
(1535,32799,Infinity)
(1535,136913,Infinity)
(1535,103191,Infinity)
(1535,116501,Infinity)
(1535,5581,Infinity)
(1535,94791,Infinity)
(1535,47703,Infinity)
(1535,136717,Infinity)
(1535,132949,Infinity)
(1535,57895,Infinity)
(1535,134011,Infinity)
(1535,69313,Infinity)
(1535,13845,Infinity)
(1535,48523,Infinity)
(1535,55809,Infinity)
(1535,55555,Infinity)
(1535,41087,Infinity)
(1535,84269,Infinity)
(1535,122701,Infinity)
(1535,20635,Infinity)
(1535,136277,Infinity)
(1535,70835,Infinity)
(1535,25257,Infinity)
(1535,176173,Infinity)
(1535,52703,Infinity)
(1535,140023,Infinity)
(1535,123281,Infinity)
(1535,102951,Infinity)
(1535,13065,Infinity)
(1535,159295,Infinity)
(1535,711,Infinity)
(1535,48545,Infinity)
(1535,108173,Infinity)
(1535,64929,Infinity)
(1535,120691,Infinity)
(1535,67361,Infinity)
(1535,100441,Infinity)
(1535,143363,Infinity)
(1535,115587,Infinity)
(1535,98489,Infinity)
(1535,141325,Infinity)
(1535,66539,Infinity)
(1535,65689,Infinity)
(1535,138321,Infinity)
(1535,89295,Infinity)
(1535,10083,Infinity)
(1535,71721,Infinity)
(1535,162891,Infinity)
(1535,100545,Infinity)
(1535,26759,Infinity)
(1535,103019,Infinity)
(1535,78409,Infinity)
(1535,158203,Infinity)
(1535,164421,Infinity)
(1535,31789,Infinity)
(1535,11697,Infinity)
(1535,13515,Infinity)
(1535,158943,Infinity)
(1535,69715,Infinity)
(1535,177817,Infinity)
(1535,97019,Infinity)
(1535,140077,Infinity)
(1535,39723,Infinity)
(1535,117643,Infinity)
(1535,156721,Infinity)
(1535,57459,Infinity)
(1535,84841,Infinity)
(1535,17347,Infinity)
(1535,24099,Infinity)
(1535,55175,Infinity)
(1535,69021,Infinity)
(1535,27879,Infinity)
(1535,70113,Infinity)
(1535,38201,Infinity)
(1535,96513,Infinity)
(1535,118825,Infinity)
(1535,73855,Infinity)
(1535,129909,Infinity)
(1535,35697,Infinity)
(1535,85263,Infinity)
(1535,86461,Infinity)
(1535,2731,Infinity)
(1535,41951,Infinity)
(1535,38229,Infinity)
(1535,44647,Infinity)
(1535,37305,Infinity)
(1535,174837,Infinity)
(1535,154775,Infinity)
(1535,117609,Infinity)
(1535,109029,Infinity)
(1535,159971,Infinity)
(1535,20063,Infinity)
(1535,99275,Infinity)
(1535,119017,Infinity)
(1535,15745,Infinity)
(1535,23573,Infinity)
(1535,20299,Infinity)
(1535,79613,Infinity)
(1535,106855,Infinity)
(1535,24157,Infinity)
(1535,23641,Infinity)
(1535,78447,Infinity)
(1535,9269,Infinity)
(1535,114583,Infinity)
(1535,151473,Infinity)
(1535,102267,Infinity)
(1535,96097,Infinity)
(1535,27591,Infinity)
(1535,165905,Infinity)
(1535,38025,Infinity)
(1535,157511,Infinity)
(1535,121383,Infinity)
(1535,117067,Infinity)
(1535,175593,Infinity)
(1535,74619,Infinity)
(1535,76697,Infinity)
(1535,53251,Infinity)
(1535,80589,Infinity)
(1535,36593,Infinity)
(1535,21323,Infinity)
(1535,42413,Infinity)
(1535,46345,Infinity)
(1535,4111,Infinity)
(1535,120669,Infinity)
(1535,141313,Infinity)
(1535,23837,Infinity)
(1535,24579,Infinity)
(1535,71211,Infinity)
(1535,109331,Infinity)
(1535,30227,Infinity)
(1535,168893,Infinity)
(1535,176379,Infinity)
(1535,21641,Infinity)
(1535,56437,Infinity)
(1535,134317,Infinity)
(1535,15265,Infinity)
(1535,153863,Infinity)
(1535,153717,Infinity)
(1535,97647,Infinity)
(1535,88425,Infinity)
(1535,118247,Infinity)
(1535,96351,Infinity)
(1535,164589,Infinity)
(1535,89417,Infinity)
(1535,53557,Infinity)
(1535,107731,Infinity)
(1535,105087,Infinity)
(1535,97929,Infinity)
(1535,40793,Infinity)
(1535,13153,Infinity)
(1535,50779,Infinity)
(1535,118789,Infinity)
(1535,118503,Infinity)
(1535,73385,Infinity)
(1535,127155,Infinity)
(1535,101223,Infinity)
(1535,127921,Infinity)
(1535,81619,Infinity)
(1535,123717,Infinity)
(1535,132317,Infinity)
(1535,57927,Infinity)
(1535,146249,Infinity)
(1535,10115,Infinity)
(1535,10633,Infinity)
(1535,45029,Infinity)
(1535,79077,Infinity)
(1535,163215,Infinity)
(1535,57059,Infinity)
(1535,54033,Infinity)
(1535,31339,Infinity)
(1535,20969,Infinity)
(1535,25697,Infinity)
(1535,157319,Infinity)
(1535,99507,Infinity)
(1535,36159,Infinity)
(1535,34289,Infinity)
(1535,67185,Infinity)
(1535,107185,Infinity)
(1535,27339,Infinity)
(1535,113959,Infinity)
(1535,90303,Infinity)
(1535,23629,Infinity)
(1535,127525,Infinity)
(1535,112563,Infinity)
(1535,135555,Infinity)
(1535,119461,Infinity)
(1535,161841,Infinity)
(1535,121481,Infinity)
(1535,7523,Infinity)
(1535,61665,Infinity)
(1535,30813,Infinity)
(1535,121119,Infinity)
(1535,9079,Infinity)
(1535,80267,Infinity)
(1535,42095,Infinity)
(1535,90315,Infinity)
(1535,148443,Infinity)
(1535,18279,Infinity)
(1535,66447,Infinity)
(1535,140293,Infinity)
(1535,21741,Infinity)
(1535,48837,Infinity)
(1535,92521,Infinity)
(1535,157979,Infinity)
(1535,21157,Infinity)
(1535,116811,Infinity)
(1535,95691,Infinity)
(1535,16379,Infinity)
(1535,153685,Infinity)
(1535,4709,Infinity)
(1535,121239,Infinity)
(1535,158185,Infinity)
(1535,140811,Infinity)
(1535,91423,Infinity)
(1535,128977,Infinity)
(1535,127289,Infinity)
(1535,67465,Infinity)
(1535,153767,Infinity)
(1535,88813,Infinity)
(1535,25803,Infinity)
(1535,102375,Infinity)
(1535,157203,Infinity)
(1535,130493,Infinity)
(1535,30665,Infinity)
(1535,174129,Infinity)
(1535,77307,Infinity)
(1535,86975,Infinity)
(1535,169997,Infinity)
(1535,135767,Infinity)
(1535,86181,Infinity)
(1535,73669,Infinity)
(1535,112043,Infinity)
(1535,23867,Infinity)
(1535,148029,Infinity)
(1535,7451,Infinity)
(1535,36165,Infinity)
(1535,125659,Infinity)
(1535,95923,Infinity)
(1535,162053,Infinity)
(1535,105233,Infinity)
(1535,100867,Infinity)
(1535,166497,Infinity)
(1535,32891,Infinity)
(1535,152973,Infinity)
(1535,70907,Infinity)
(1535,11169,Infinity)
(1535,135029,Infinity)
(1535,177029,Infinity)
(1535,39823,Infinity)
(1535,38161,Infinity)
(1535,42647,Infinity)
(1535,49085,Infinity)
(1535,135257,Infinity)
(1535,171239,Infinity)
(1535,136849,Infinity)
(1535,122325,Infinity)
(1535,120129,Infinity)
(1535,108079,Infinity)
(1535,151891,Infinity)
(1535,164261,Infinity)
(1535,42623,Infinity)
(1535,83851,Infinity)
(1535,99351,Infinity)
(1535,40625,Infinity)
(1535,50749,Infinity)
(1535,153017,Infinity)
(1535,43839,Infinity)
(1535,76185,Infinity)
(1535,40409,Infinity)
(1535,43191,Infinity)
(1535,86479,Infinity)
(1535,87275,Infinity)
(1535,147515,Infinity)
(1535,90935,Infinity)
(1535,100369,Infinity)
(1535,33809,Infinity)
(1535,33793,Infinity)
(1535,33601,Infinity)
(1535,143361,Infinity)
(1535,39885,Infinity)
(1535,34027,Infinity)
(1535,66941,Infinity)
(1535,20553,Infinity)
(1535,159831,Infinity)
(1535,11681,Infinity)
(1535,97985,Infinity)
(1535,116471,Infinity)
(1535,103089,Infinity)
(1535,139867,Infinity)
(1535,144065,Infinity)
(1535,13997,Infinity)
(1535,133269,Infinity)
(1535,30417,Infinity)
(1535,64647,Infinity)
(1535,29047,Infinity)
(1535,12635,Infinity)
(1535,65997,Infinity)
(1535,11137,Infinity)
(1535,17659,Infinity)
(1535,27683,Infinity)
(1535,128825,Infinity)
(1535,158327,Infinity)
(1535,124395,Infinity)
(1535,133515,Infinity)
(1535,126527,Infinity)
(1535,121107,Infinity)
(1535,160807,Infinity)
(1535,38003,Infinity)
(1535,150049,Infinity)
(1535,47965,Infinity)
(1535,68385,Infinity)
(1535,122279,Infinity)
(1535,4129,Infinity)
(1535,174197,Infinity)
(1535,138421,Infinity)
(1535,162537,Infinity)
(1535,111659,Infinity)
(1535,136463,Infinity)
(1535,114609,Infinity)
(1535,67975,Infinity)
(1535,40441,Infinity)
(1535,32841,Infinity)
(1535,83931,Infinity)
(1535,167361,Infinity)
(1535,114793,Infinity)
(1535,50141,Infinity)
(1535,141011,Infinity)
(1535,1077,Infinity)
(1535,75119,Infinity)
(1535,7891,Infinity)
(1535,20487,Infinity)
(1535,54699,Infinity)
(1535,4275,Infinity)
(1535,43619,Infinity)
(1535,168925,Infinity)
(1535,70635,Infinity)
(1535,73295,Infinity)
(1535,41697,Infinity)
(1535,106523,Infinity)
(1535,165913,Infinity)
(1535,23581,Infinity)
(1535,15367,Infinity)
(1535,60219,Infinity)
(1535,126891,Infinity)
(1535,80439,Infinity)
(1535,128251,Infinity)
(1535,58703,Infinity)
(1535,110285,Infinity)
(1535,96783,Infinity)
(1535,64055,Infinity)
(1535,136135,Infinity)
(1535,15427,Infinity)
(1535,42365,Infinity)
(1535,25045,Infinity)
(1535,147927,Infinity)
(1535,6385,Infinity)
(1535,123907,Infinity)
(1535,40191,Infinity)
(1535,158411,Infinity)
(1535,41693,Infinity)
(1535,11609,Infinity)
(1535,96637,Infinity)
(1535,104081,Infinity)
(1535,168711,Infinity)
(1535,51255,Infinity)
(1535,124223,Infinity)
(1535,132295,Infinity)
(1535,171137,Infinity)
(1535,96749,Infinity)
(1535,2299,Infinity)
(1535,85073,Infinity)
(1535,93197,Infinity)
(1535,115275,Infinity)
(1535,172019,Infinity)
(1535,65431,Infinity)
(1535,88473,Infinity)
(1535,116935,Infinity)
(1535,23941,Infinity)
(1535,79917,Infinity)
(1535,119181,Infinity)
(1535,162181,Infinity)
(1535,174169,Infinity)
(1535,164097,Infinity)
(1535,64359,Infinity)
(1535,75063,Infinity)
(1535,106731,Infinity)
(1535,162577,Infinity)
(1535,8509,Infinity)
(1535,154029,Infinity)
(1535,52435,Infinity)
(1535,140855,Infinity)
(1535,125653,Infinity)
(1535,162791,Infinity)
(1535,169045,Infinity)
(1535,25917,Infinity)
(1535,55337,Infinity)
(1535,55477,Infinity)
(1535,112587,Infinity)
(1535,134541,Infinity)
(1535,7713,Infinity)
(1535,109341,Infinity)
(1535,39361,Infinity)
(1535,41407,Infinity)
(1535,138377,Infinity)
(1535,146843,Infinity)
(1535,76805,Infinity)
(1535,119225,Infinity)
(1535,120097,Infinity)
(1535,120545,Infinity)
(1535,66917,Infinity)
(1535,18059,Infinity)
(1535,96601,Infinity)
(1535,115287,Infinity)
(1535,146903,Infinity)
(1535,71111,Infinity)
(1535,19749,Infinity)
(1535,67025,Infinity)
(1535,110995,Infinity)
(1535,95801,Infinity)
(1535,24199,Infinity)
(1535,70639,Infinity)
(1535,159629,Infinity)
(1535,33537,Infinity)
(1535,178177,Infinity)
(1535,17027,Infinity)
(1535,88017,Infinity)
(1535,146061,Infinity)
(1535,88487,Infinity)
(1535,166679,Infinity)
(1535,177119,Infinity)
(1535,17403,Infinity)
(1535,23297,Infinity)
(1535,77557,Infinity)
(1535,120579,Infinity)
(1535,115631,Infinity)
(1535,77635,Infinity)
(1535,26341,Infinity)
(1535,84877,Infinity)
(1535,102169,Infinity)
(1535,101751,Infinity)
(1535,177677,Infinity)
(1535,106521,Infinity)
(1535,96371,Infinity)
(1535,107501,Infinity)
(1535,167901,Infinity)
(1535,14649,Infinity)
(1535,37825,Infinity)
(1535,84683,Infinity)
(1535,137477,Infinity)
(1535,4017,Infinity)
(1535,110891,Infinity)
(1535,86807,Infinity)
(1535,107223,Infinity)
(1535,108385,Infinity)
(1535,55319,Infinity)
(1535,46309,Infinity)
(1535,56113,Infinity)
(1535,74979,Infinity)
(1535,175877,Infinity)
(1535,48505,Infinity)
(1535,104479,Infinity)
(1535,29989,Infinity)
(1535,43463,Infinity)
(1535,80529,Infinity)
(1535,6697,Infinity)
(1535,139065,Infinity)
(1535,28459,Infinity)
(1535,121707,Infinity)
(1535,131837,Infinity)
(1535,94005,Infinity)
(1535,119459,Infinity)
(1535,67707,Infinity)
(1535,92095,Infinity)
(1535,111971,Infinity)
(1535,7671,Infinity)
(1535,96927,Infinity)
(1535,145855,Infinity)
(1535,46875,Infinity)
(1535,87881,Infinity)
(1535,46743,Infinity)
(1535,49825,Infinity)
(1535,131503,Infinity)
(1535,48881,Infinity)
(1535,9709,Infinity)
(1535,146309,Infinity)
(1535,23289,Infinity)
(1535,144239,Infinity)
(1535,35747,Infinity)
(1535,83465,Infinity)
(1535,61293,Infinity)
(1535,101623,Infinity)
(1535,82165,Infinity)
(1535,101365,Infinity)
(1535,82141,Infinity)
(1535,67295,Infinity)
(1535,42087,Infinity)
(1535,174239,Infinity)
(1535,51177,Infinity)
(1535,158359,Infinity)
(1535,130613,Infinity)
(1535,150833,Infinity)
(1535,104761,Infinity)
(1535,31829,Infinity)
(1535,174725,Infinity)
(1535,16457,Infinity)
(1535,135195,Infinity)
(1535,176615,Infinity)
(1535,10051,Infinity)
(1535,121095,Infinity)
(1535,14003,Infinity)
(1535,147657,Infinity)
(1535,150077,Infinity)
(1535,48519,Infinity)
(1535,118933,Infinity)
(1535,121297,Infinity)
(1535,163893,Infinity)
(1535,42047,Infinity)
(1535,86865,Infinity)
(1535,149541,Infinity)
(1535,121995,Infinity)
(1535,157489,Infinity)
(1535,6047,Infinity)
(1535,171961,Infinity)
(1535,47151,Infinity)
(1535,18901,Infinity)
(1535,66047,Infinity)
(1535,102965,Infinity)
(1535,143961,Infinity)
(1535,116307,Infinity)
(1535,143337,Infinity)
(1535,40187,Infinity)
(1535,23053,Infinity)
(1535,120841,Infinity)
(1535,47029,Infinity)
(1535,30151,Infinity)
(1535,22489,Infinity)
(1535,99575,Infinity)
(1535,115223,Infinity)
(1535,60163,Infinity)
(1535,16783,Infinity)
(1535,51481,Infinity)
(1535,15709,Infinity)
(1535,149911,Infinity)
(1535,146183,Infinity)
(1535,13809,Infinity)
(1535,56759,Infinity)
(1535,74353,Infinity)
(1535,109281,Infinity)
(1535,36305,Infinity)
(1535,118451,Infinity)
(1535,107085,Infinity)
(1535,77289,Infinity)
(1535,155905,Infinity)
(1535,160179,Infinity)
(1535,163851,Infinity)
(1535,65113,Infinity)
(1535,124439,Infinity)
(1535,23127,Infinity)
(1535,117557,Infinity)
(1535,59945,Infinity)
(1535,72827,Infinity)
(1535,110511,Infinity)
(1535,4617,Infinity)
(1535,705,Infinity)
(1535,107175,Infinity)
(1535,2093,Infinity)
(1535,173395,Infinity)
(1535,58307,Infinity)
(1535,91329,Infinity)
(1535,146441,Infinity)
(1535,165123,Infinity)
(1535,30047,Infinity)
(1535,157093,Infinity)
(1535,95275,Infinity)
(1535,136485,Infinity)
(1535,5829,Infinity)
(1535,11927,Infinity)
(1535,67039,Infinity)
(1535,55707,Infinity)
(1535,87113,Infinity)
(1535,142163,Infinity)
(1535,152631,Infinity)
(1535,114905,Infinity)
(1535,98841,Infinity)
(1535,173499,Infinity)
(1535,90639,Infinity)
(1535,136571,Infinity)
(1535,161169,Infinity)
(1535,24181,Infinity)
(1535,129555,Infinity)
(1535,147901,Infinity)
(1535,21123,Infinity)
(1535,103533,Infinity)
(1535,58599,Infinity)
(1535,47843,Infinity)
(1535,124443,Infinity)
(1535,41141,Infinity)
(1535,42681,Infinity)
(1535,87449,Infinity)
(1535,151867,Infinity)
(1535,76397,Infinity)
(1535,38971,Infinity)
(1535,50957,Infinity)
(1535,154703,Infinity)
(1535,50829,Infinity)
(1535,159373,Infinity)
(1535,113007,Infinity)
(1535,58617,Infinity)
(1535,122133,Infinity)
(1535,70197,Infinity)
(1535,141103,Infinity)
(1535,64563,Infinity)
(1535,50439,Infinity)
(1535,62199,Infinity)
(1535,118167,Infinity)
(1535,40289,Infinity)
(1535,80091,Infinity)
(1535,63603,Infinity)
(1535,109215,Infinity)
(1535,112761,Infinity)
(1535,11037,Infinity)
(1535,41813,Infinity)
(1535,61951,Infinity)
(1535,83171,Infinity)
(1535,126829,Infinity)
(1535,121737,Infinity)
(1535,17723,Infinity)
(1535,144857,Infinity)
(1535,26571,Infinity)
(1535,119223,Infinity)
(1535,159641,Infinity)
(1535,75759,Infinity)
(1535,47247,Infinity)
(1535,49931,Infinity)
(1535,66001,Infinity)
(1535,49149,Infinity)
(1535,168807,Infinity)
(1535,89531,Infinity)
(1535,35171,Infinity)
(1535,8991,Infinity)
(1535,91445,Infinity)
(1535,593,Infinity)
(1535,37641,Infinity)
(1535,122699,Infinity)
(1535,10355,Infinity)
(1535,16275,Infinity)
(1535,4265,Infinity)
(1535,9753,Infinity)
(1535,111163,Infinity)
(1535,139725,Infinity)
(1535,176991,Infinity)
(1535,147635,Infinity)
(1535,96611,Infinity)
(1535,18161,Infinity)
(1535,66401,Infinity)
(1535,138185,Infinity)
(1535,41901,Infinity)
(1535,4195,Infinity)
(1535,122831,Infinity)
(1535,129171,Infinity)
(1535,149531,Infinity)
(1535,118583,Infinity)
(1535,150705,Infinity)
(1535,172833,Infinity)
(1535,38167,Infinity)
(1535,143205,Infinity)
(1535,173271,Infinity)
(1535,45839,Infinity)
(1535,171113,Infinity)
(1535,16475,Infinity)
(1535,137905,Infinity)
(1535,163241,Infinity)
(1535,73255,Infinity)
(1535,97717,Infinity)
(1535,54591,Infinity)
(1535,129715,Infinity)
(1535,139653,Infinity)
(1535,38745,Infinity)
(1535,96629,Infinity)
(1535,71335,Infinity)
(1535,107697,Infinity)
(1535,101485,Infinity)
(1535,81611,Infinity)
(1535,111367,Infinity)
(1535,30589,Infinity)
(1535,119539,Infinity)
(1535,154715,Infinity)
(1535,33899,Infinity)
(1535,77731,Infinity)
(1535,8379,Infinity)
(1535,147935,Infinity)
(1535,13533,Infinity)
(1535,49513,Infinity)
(1535,9383,Infinity)
(1535,113597,Infinity)
(1535,134925,Infinity)
(1535,84827,Infinity)
(1535,71503,Infinity)
