(1535,31198,NaN)
(1535,167586,NaN)
(1535,10290,NaN)
(1535,41234,NaN)
(1535,140786,NaN)
(1535,31328,NaN)
(1535,36792,NaN)
(1535,55198,NaN)
(1535,142678,NaN)
(1535,154126,NaN)
(1535,153878,NaN)
(1535,131270,NaN)
(1535,79078,NaN)
(1535,15392,NaN)
(1535,155820,NaN)
(1535,53926,NaN)
(1535,87478,NaN)
(1535,56672,NaN)
(1535,111282,NaN)
(1535,97706,NaN)
(1535,96854,NaN)
(1535,163498,NaN)
(1535,130714,NaN)
(1535,31024,NaN)
(1535,59922,NaN)
(1535,98328,NaN)
(1535,161252,NaN)
(1535,131232,NaN)
(1535,82062,NaN)
(1535,58240,NaN)
(1535,111364,NaN)
(1535,67532,NaN)
(1535,86294,NaN)
(1535,30114,NaN)
(1535,125342,NaN)
(1535,59456,NaN)
(1535,112644,NaN)
(1535,134666,NaN)
(1535,86544,NaN)
(1535,81026,NaN)
(1535,68676,NaN)
(1535,7928,NaN)
(1535,75874,NaN)
(1535,127238,NaN)
(1535,145108,NaN)
(1535,11018,NaN)
(1535,163332,NaN)
(1535,149074,NaN)
(1535,55604,NaN)
(1535,11084,NaN)
(1535,30728,NaN)
(1535,121416,NaN)
(1535,172682,NaN)
(1535,50132,NaN)
(1535,147472,NaN)
(1535,145466,NaN)
(1535,21840,NaN)
(1535,56944,NaN)
(1535,39064,NaN)
(1535,153464,NaN)
(1535,21998,NaN)
(1535,143748,NaN)
(1535,138156,NaN)
(1535,164392,NaN)
(1535,175968,NaN)
(1535,85168,NaN)
(1535,168110,NaN)
(1535,139656,NaN)
(1535,44922,NaN)
(1535,140340,NaN)
(1535,11698,NaN)
(1535,16568,NaN)
(1535,168338,NaN)
(1535,150676,NaN)
(1535,169292,NaN)
(1535,104584,NaN)
(1535,39796,NaN)
(1535,129136,NaN)
(1535,152270,NaN)
(1535,44140,NaN)
(1535,14718,NaN)
(1535,166950,NaN)
(1535,39756,NaN)
(1535,436,NaN)
(1535,99362,NaN)
(1535,134186,NaN)
(1535,16444,NaN)
(1535,70712,NaN)
(1535,111332,NaN)
(1535,169598,NaN)
(1535,142094,NaN)
(1535,162158,NaN)
(1535,91150,NaN)
(1535,171922,NaN)
(1535,119198,NaN)
(1535,131578,NaN)
(1535,45150,NaN)
(1535,96354,NaN)
(1535,24198,NaN)
(1535,175110,NaN)
(1535,51264,NaN)
(1535,114164,NaN)
(1535,170086,NaN)
(1535,35772,NaN)
(1535,60378,NaN)
(1535,52282,NaN)
(1535,86404,NaN)
(1535,95484,NaN)
(1535,137722,NaN)
(1535,67380,NaN)
(1535,82746,NaN)
(1535,128458,NaN)
(1535,141608,NaN)
(1535,126242,NaN)
(1535,51492,NaN)
(1535,18982,NaN)
(1535,70188,NaN)
(1535,46588,NaN)
(1535,139112,NaN)
(1535,47248,NaN)
(1535,98814,NaN)
(1535,102294,NaN)
(1535,7138,NaN)
(1535,166390,NaN)
(1535,2200,NaN)
(1535,145702,NaN)
(1535,74154,NaN)
(1535,55528,NaN)
(1535,63078,NaN)
(1535,15070,NaN)
(1535,9974,NaN)
(1535,109466,NaN)
(1535,92340,NaN)
(1535,29870,NaN)
(1535,112166,NaN)
(1535,95078,NaN)
(1535,131040,NaN)
(1535,91732,NaN)
(1535,10862,NaN)
(1535,124998,NaN)
(1535,68134,NaN)
(1535,138628,NaN)
(1535,107792,NaN)
(1535,102418,NaN)
(1535,44592,NaN)
(1535,41026,NaN)
(1535,114004,NaN)
(1535,50770,NaN)
(1535,29044,NaN)
(1535,27056,NaN)
(1535,23204,NaN)
(1535,31958,NaN)
(1535,137228,NaN)
(1535,141636,NaN)
(1535,138126,NaN)
(1535,99086,NaN)
(1535,97192,NaN)
(1535,123690,NaN)
(1535,15298,NaN)
(1535,71172,NaN)
(1535,169472,NaN)
(1535,62174,NaN)
(1535,121546,NaN)
(1535,141256,NaN)
(1535,1050,NaN)
(1535,30294,NaN)
(1535,38030,NaN)
(1535,99962,NaN)
(1535,68922,NaN)
(1535,72494,NaN)
(1535,100642,NaN)
(1535,68910,NaN)
(1535,36104,NaN)
(1535,77274,NaN)
(1535,43816,NaN)
(1535,134356,NaN)
(1535,117966,NaN)
(1535,5148,NaN)
(1535,18032,NaN)
(1535,106344,NaN)
(1535,131826,NaN)
(1535,19388,NaN)
(1535,36266,NaN)
(1535,168032,NaN)
(1535,157668,NaN)
(1535,74430,NaN)
(1535,176246,NaN)
(1535,146082,NaN)
(1535,160450,NaN)
(1535,41380,NaN)
(1535,127106,NaN)
(1535,162578,NaN)
(1535,930,NaN)
(1535,85178,NaN)
(1535,37820,NaN)
(1535,66852,NaN)
(1535,20714,NaN)
(1535,116194,NaN)
(1535,93982,NaN)
(1535,61194,NaN)
(1535,32812,NaN)
(1535,94910,NaN)
(1535,21418,NaN)
(1535,79268,NaN)
(1535,102128,NaN)
(1535,136954,NaN)
(1535,56844,NaN)
(1535,73866,NaN)
(1535,64406,NaN)
(1535,121360,NaN)
(1535,3186,NaN)
(1535,31400,NaN)
(1535,68356,NaN)
(1535,37714,NaN)
(1535,157480,NaN)
(1535,154214,NaN)
(1535,11560,NaN)
(1535,108932,NaN)
(1535,53596,NaN)
(1535,14308,NaN)
(1535,70632,NaN)
(1535,159442,NaN)
(1535,157174,NaN)
(1535,157104,NaN)
(1535,92880,NaN)
(1535,58212,NaN)
(1535,10686,NaN)
(1535,12630,NaN)
(1535,111882,NaN)
(1535,62128,NaN)
(1535,131296,NaN)
(1535,53270,NaN)
(1535,80566,NaN)
(1535,77860,NaN)
(1535,129284,NaN)
(1535,139482,NaN)
(1535,5984,NaN)
(1535,72828,NaN)
(1535,7662,NaN)
(1535,19514,NaN)
(1535,122306,NaN)
(1535,133420,NaN)
(1535,137684,NaN)
(1535,38984,NaN)
(1535,9362,NaN)
(1535,168022,NaN)
(1535,146380,NaN)
(1535,174762,NaN)
(1535,26684,NaN)
(1535,125646,NaN)
(1535,120550,NaN)
(1535,32700,NaN)
(1535,34978,NaN)
(1535,1288,NaN)
(1535,35110,NaN)
(1535,120982,NaN)
(1535,149172,NaN)
(1535,88324,NaN)
(1535,159040,NaN)
(1535,68990,NaN)
(1535,168082,NaN)
(1535,20480,NaN)
(1535,22340,NaN)
(1535,119680,NaN)
(1535,159244,NaN)
(1535,25270,NaN)
(1535,44806,NaN)
(1535,94802,NaN)
(1535,63434,NaN)
(1535,8956,NaN)
(1535,34302,NaN)
(1535,151138,NaN)
(1535,5270,NaN)
(1535,154232,NaN)
(1535,35910,NaN)
(1535,50758,NaN)
(1535,70646,NaN)
(1535,103332,NaN)
(1535,60678,NaN)
(1535,114486,NaN)
(1535,36434,NaN)
(1535,97028,NaN)
(1535,114880,NaN)
(1535,141616,NaN)
(1535,24194,NaN)
(1535,88612,NaN)
(1535,176670,NaN)
(1535,99256,NaN)
(1535,125448,NaN)
(1535,102214,NaN)
(1535,131120,NaN)
(1535,54694,NaN)
(1535,55014,NaN)
(1535,84470,NaN)
(1535,98132,NaN)
(1535,142900,NaN)
(1535,6792,NaN)
(1535,77228,NaN)
(1535,59868,NaN)
(1535,172404,NaN)
(1535,110772,NaN)
(1535,3068,NaN)
(1535,63500,NaN)
(1535,52754,NaN)
(1535,40200,NaN)
(1535,139510,NaN)
(1535,76944,NaN)
(1535,21338,NaN)
(1535,108340,NaN)
(1535,10542,NaN)
(1535,61420,NaN)
(1535,71434,NaN)
(1535,24916,NaN)
(1535,97384,NaN)
(1535,120760,NaN)
(1535,122348,NaN)
(1535,66538,NaN)
(1535,54476,NaN)
(1535,108580,NaN)
(1535,40960,NaN)
(1535,159136,NaN)
(1535,83002,NaN)
(1535,100832,NaN)
(1535,64488,NaN)
(1535,51486,NaN)
(1535,97530,NaN)
(1535,103472,NaN)
(1535,123186,NaN)
(1535,64750,NaN)
(1535,43372,NaN)
(1535,47480,NaN)
(1535,166458,NaN)
(1535,132042,NaN)
(1535,156594,NaN)
(1535,45210,NaN)
(1535,32082,NaN)
(1535,74600,NaN)
(1535,34642,NaN)
(1535,12674,NaN)
(1535,67212,NaN)
(1535,137480,NaN)
(1535,163564,NaN)
(1535,166002,NaN)
(1535,91582,NaN)
(1535,6786,NaN)
(1535,75954,NaN)
(1535,49512,NaN)
(1535,32916,NaN)
(1535,114538,NaN)
(1535,21102,NaN)
(1535,55200,NaN)
(1535,57118,NaN)
(1535,87412,NaN)
(1535,20068,NaN)
(1535,157958,NaN)
(1535,138474,NaN)
(1535,29060,NaN)
(1535,16528,NaN)
(1535,118032,NaN)
(1535,127046,NaN)
(1535,33166,NaN)
(1535,69984,NaN)
(1535,52332,NaN)
(1535,102812,NaN)
(1535,102862,NaN)
(1535,151596,NaN)
(1535,177936,NaN)
(1535,134050,NaN)
(1535,138222,NaN)
(1535,39842,NaN)
(1535,65528,NaN)
(1535,99842,NaN)
(1535,6758,NaN)
(1535,101382,NaN)
(1535,39960,NaN)
(1535,51732,NaN)
(1535,101516,NaN)
(1535,154886,NaN)
(1535,4882,NaN)
(1535,14710,NaN)
(1535,128924,NaN)
(1535,85064,NaN)
(1535,168626,NaN)
(1535,8274,NaN)
(1535,43890,NaN)
(1535,98,NaN)
(1535,96392,NaN)
(1535,86918,NaN)
(1535,175772,NaN)
(1535,112126,NaN)
(1535,47040,NaN)
(1535,64552,NaN)
(1535,20156,NaN)
(1535,51676,NaN)
(1535,141672,NaN)
(1535,64012,NaN)
(1535,12140,NaN)
(1535,41882,NaN)
(1535,157928,NaN)
(1535,105672,NaN)
(1535,172166,NaN)
(1535,130616,NaN)
(1535,68402,NaN)
(1535,36452,NaN)
(1535,33986,NaN)
(1535,107312,NaN)
(1535,48714,NaN)
(1535,5000,NaN)
(1535,32922,NaN)
(1535,8,NaN)
(1535,15194,NaN)
(1535,130896,NaN)
(1535,110732,NaN)
(1535,76328,NaN)
(1535,7912,NaN)
(1535,136198,NaN)
(1535,43276,NaN)
(1535,21698,NaN)
(1535,152718,NaN)
(1535,24556,NaN)
(1535,122028,NaN)
(1535,55716,NaN)
(1535,36896,NaN)
(1535,10550,NaN)
(1535,154644,NaN)
(1535,43206,NaN)
(1535,122286,NaN)
(1535,167628,NaN)
(1535,32614,NaN)
(1535,9622,NaN)
(1535,171046,NaN)
(1535,13774,NaN)
(1535,30108,NaN)
(1535,87868,NaN)
(1535,159326,NaN)
(1535,173008,NaN)
(1535,18510,NaN)
(1535,52224,NaN)
(1535,50088,NaN)
(1535,176844,NaN)
(1535,28162,NaN)
(1535,37350,NaN)
(1535,174202,NaN)
(1535,42112,NaN)
(1535,89618,NaN)
(1535,68956,NaN)
(1535,153246,NaN)
(1535,108458,NaN)
(1535,39024,NaN)
(1535,161096,NaN)
(1535,35292,NaN)
(1535,103504,NaN)
(1535,42508,NaN)
(1535,70040,NaN)
(1535,143762,NaN)
(1535,119288,NaN)
(1535,147218,NaN)
(1535,155142,NaN)
(1535,27078,NaN)
(1535,12814,NaN)
(1535,9054,NaN)
(1535,62200,NaN)
(1535,74058,NaN)
(1535,130302,NaN)
(1535,134432,NaN)
(1535,68184,NaN)
(1535,170898,NaN)
(1535,39172,NaN)
(1535,156820,NaN)
(1535,150590,NaN)
(1535,105554,NaN)
(1535,22000,NaN)
(1535,76982,NaN)
(1535,158484,NaN)
(1535,145644,NaN)
(1535,4296,NaN)
(1535,4854,NaN)
(1535,75872,NaN)
(1535,172292,NaN)
(1535,18716,NaN)
(1535,129702,NaN)
(1535,162788,NaN)
(1535,134770,NaN)
(1535,58434,NaN)
(1535,72312,NaN)
(1535,34064,NaN)
(1535,42648,NaN)
(1535,42312,NaN)
(1535,84496,NaN)
(1535,113928,NaN)
(1535,10148,NaN)
(1535,142562,NaN)
(1535,484,NaN)
(1535,142606,NaN)
(1535,30948,NaN)
(1535,6998,NaN)
(1535,130254,NaN)
(1535,63936,NaN)
(1535,43916,NaN)
(1535,50848,NaN)
(1535,7782,NaN)
(1535,36756,NaN)
(1535,19716,NaN)
(1535,20878,NaN)
(1535,105098,NaN)
(1535,151574,NaN)
(1535,143376,NaN)
(1535,146360,NaN)
(1535,39306,NaN)
(1535,46058,NaN)
(1535,49528,NaN)
(1535,16624,NaN)
(1535,20352,NaN)
(1535,2274,NaN)
(1535,30556,NaN)
(1535,96476,NaN)
(1535,139800,NaN)
(1535,53462,NaN)
(1535,125610,NaN)
(1535,102938,NaN)
(1535,72158,NaN)
(1535,41226,NaN)
(1535,176056,NaN)
(1535,43092,NaN)
(1535,51622,NaN)
(1535,146032,NaN)
(1535,73038,NaN)
(1535,170486,NaN)
(1535,29904,NaN)
(1535,136514,NaN)
(1535,4504,NaN)
(1535,95240,NaN)
(1535,2496,NaN)
(1535,62264,NaN)
(1535,118158,NaN)
(1535,121116,NaN)
(1535,144644,NaN)
(1535,16270,NaN)
(1535,40860,NaN)
(1535,61184,NaN)
(1535,30844,NaN)
(1535,66782,NaN)
(1535,49472,NaN)
(1535,72566,NaN)
(1535,165978,NaN)
(1535,89170,NaN)
(1535,69006,NaN)
(1535,151312,NaN)
(1535,35068,NaN)
(1535,159516,NaN)
(1535,76486,NaN)
(1535,68840,NaN)
(1535,28866,NaN)
(1535,62926,NaN)
(1535,140806,NaN)
(1535,159128,NaN)
(1535,120800,NaN)
(1535,94316,NaN)
(1535,24394,NaN)
(1535,68962,NaN)
(1535,58508,NaN)
(1535,109080,NaN)
(1535,33376,NaN)
(1535,37902,NaN)
(1535,136474,NaN)
(1535,92170,NaN)
(1535,111312,NaN)
(1535,165144,NaN)
(1535,132220,NaN)
(1535,174326,NaN)
(1535,64686,NaN)
(1535,66040,NaN)
(1535,69160,NaN)
(1535,141462,NaN)
(1535,123402,NaN)
(1535,58546,NaN)
(1535,140650,NaN)
(1535,94582,NaN)
(1535,22352,NaN)
(1535,149386,NaN)
(1535,11088,NaN)
(1535,29154,NaN)
(1535,5548,NaN)
(1535,159412,NaN)
(1535,14246,NaN)
(1535,115080,NaN)
(1535,93048,NaN)
(1535,70388,NaN)
(1535,36016,NaN)
(1535,19662,NaN)
(1535,48000,NaN)
(1535,165846,NaN)
(1535,91694,NaN)
(1535,15028,NaN)
(1535,73810,NaN)
(1535,42768,NaN)
(1535,3182,NaN)
(1535,102780,NaN)
(1535,117056,NaN)
(1535,70986,NaN)
(1535,145976,NaN)
(1535,66580,NaN)
(1535,100286,NaN)
(1535,140866,NaN)
(1535,166918,NaN)
(1535,18860,NaN)
(1535,58468,NaN)
(1535,24726,NaN)
(1535,8774,NaN)
(1535,76086,NaN)
(1535,109120,NaN)
(1535,48196,NaN)
(1535,90000,NaN)
(1535,105456,NaN)
(1535,65682,NaN)
(1535,3626,NaN)
(1535,8562,NaN)
(1535,140610,NaN)
(1535,146688,NaN)
(1535,6416,NaN)
(1535,65898,NaN)
(1535,150166,NaN)
(1535,65468,NaN)
(1535,64130,NaN)
(1535,147656,NaN)
(1535,151900,NaN)
(1535,28702,NaN)
(1535,30354,NaN)
(1535,162426,NaN)
(1535,22194,NaN)
(1535,19536,NaN)
(1535,43348,NaN)
(1535,50792,NaN)
(1535,115464,NaN)
(1535,161860,NaN)
(1535,120976,NaN)
(1535,2458,NaN)
(1535,117952,NaN)
(1535,102406,NaN)
(1535,43896,NaN)
(1535,44516,NaN)
(1535,35854,NaN)
(1535,1724,NaN)
(1535,62036,NaN)
(1535,65966,NaN)
(1535,127516,NaN)
(1535,42340,NaN)
(1535,45326,NaN)
(1535,90082,NaN)
(1535,87200,NaN)
(1535,78952,NaN)
(1535,141300,NaN)
(1535,8868,NaN)
(1535,68254,NaN)
(1535,86826,NaN)
(1535,147444,NaN)
(1535,12648,NaN)
(1535,31770,NaN)
(1535,143452,NaN)
(1535,123002,NaN)
(1535,4574,NaN)
(1535,155238,NaN)
(1535,41108,NaN)
(1535,119112,NaN)
(1535,19294,NaN)
(1535,125512,NaN)
(1535,67410,NaN)
(1535,123650,NaN)
(1535,168024,NaN)
(1535,19164,NaN)
(1535,142220,NaN)
(1535,149716,NaN)
(1535,71146,NaN)
(1535,8692,NaN)
(1535,11936,NaN)
(1535,87132,NaN)
(1535,61970,NaN)
(1535,117318,NaN)
(1535,165762,NaN)
(1535,166038,NaN)
(1535,143588,NaN)
(1535,14356,NaN)
(1535,125216,NaN)
(1535,60208,NaN)
(1535,107078,NaN)
(1535,113180,NaN)
(1535,172000,NaN)
(1535,91900,NaN)
(1535,67656,NaN)
(1535,87460,NaN)
(1535,22994,NaN)
(1535,82270,NaN)
(1535,39810,NaN)
(1535,9850,NaN)
(1535,110296,NaN)
(1535,112426,NaN)
(1535,61016,NaN)
(1535,102340,NaN)
(1535,82324,NaN)
(1535,118206,NaN)
(1535,88536,NaN)
(1535,165368,NaN)
(1535,125962,NaN)
(1535,171146,NaN)
(1535,111140,NaN)
(1535,143388,NaN)
(1535,17626,NaN)
(1535,165802,NaN)
(1535,26286,NaN)
(1535,81048,NaN)
(1535,81934,NaN)
(1535,73780,NaN)
(1535,176298,NaN)
(1535,124506,NaN)
(1535,36504,NaN)
(1535,116890,NaN)
(1535,113504,NaN)
(1535,8484,NaN)
(1535,28726,NaN)
(1535,62916,NaN)
(1535,159110,NaN)
(1535,74890,NaN)
(1535,96746,NaN)
(1535,98314,NaN)
(1535,43330,NaN)
(1535,174158,NaN)
(1535,154296,NaN)
(1535,155924,NaN)
(1535,155598,NaN)
(1535,58906,NaN)
(1535,149512,NaN)
(1535,156438,NaN)
(1535,76030,NaN)
(1535,85494,NaN)
(1535,16576,NaN)
(1535,115226,NaN)
(1535,121382,NaN)
(1535,36714,NaN)
(1535,95536,NaN)
(1535,143662,NaN)
(1535,120306,NaN)
(1535,100930,NaN)
(1535,108974,NaN)
(1535,144156,NaN)
(1535,113612,NaN)
(1535,122604,NaN)
(1535,102682,NaN)
(1535,61072,NaN)
(1535,157910,NaN)
(1535,26670,NaN)
(1535,85428,NaN)
(1535,1728,NaN)
(1535,175734,NaN)
(1535,162118,NaN)
(1535,18392,NaN)
(1535,90348,NaN)
(1535,136438,NaN)
(1535,103276,NaN)
(1535,18924,NaN)
(1535,116476,NaN)
(1535,173072,NaN)
(1535,83404,NaN)
(1535,143694,NaN)
(1535,31850,NaN)
(1535,97178,NaN)
(1535,50360,NaN)
(1535,135018,NaN)
(1535,101040,NaN)
(1535,68292,NaN)
(1535,110796,NaN)
(1535,65368,NaN)
(1535,126298,NaN)
(1535,61050,NaN)
(1535,92400,NaN)
(1535,61728,NaN)
(1535,38364,NaN)
(1535,147030,NaN)
(1535,124240,NaN)
(1535,50472,NaN)
(1535,39042,NaN)
(1535,168500,NaN)
(1535,107034,NaN)
(1535,146980,NaN)
(1535,117444,NaN)
(1535,161928,NaN)
(1535,155784,NaN)
(1535,26652,NaN)
(1535,60618,NaN)
(1535,68660,NaN)
(1535,85766,NaN)
(1535,169434,NaN)
(1535,174314,NaN)
(1535,90846,NaN)
(1535,132618,NaN)
(1535,163008,NaN)
(1535,28104,NaN)
(1535,83524,NaN)
(1535,174514,NaN)
(1535,132728,NaN)
(1535,140948,NaN)
(1535,29406,NaN)
(1535,45640,NaN)
(1535,12950,NaN)
(1535,138180,NaN)
(1535,175604,NaN)
(1535,112992,NaN)
(1535,156466,NaN)
(1535,84942,NaN)
(1535,102924,NaN)
(1535,117654,NaN)
(1535,23682,NaN)
(1535,119886,NaN)
(1535,8232,NaN)
(1535,3078,NaN)
(1535,37296,NaN)
(1535,63052,NaN)
(1535,101138,NaN)
(1535,31974,NaN)
(1535,170314,NaN)
(1535,76530,NaN)
(1535,67808,NaN)
(1535,89942,NaN)
(1535,76072,NaN)
(1535,25666,NaN)
(1535,59916,NaN)
(1535,95716,NaN)
(1535,3826,NaN)
(1535,129914,NaN)
(1535,101850,NaN)
(1535,42470,NaN)
(1535,144384,NaN)
(1535,127900,NaN)
(1535,144046,NaN)
(1535,89672,NaN)
(1535,149566,NaN)
(1535,108074,NaN)
(1535,115826,NaN)
(1535,55896,NaN)
(1535,156168,NaN)
(1535,46182,NaN)
(1535,68262,NaN)
(1535,77172,NaN)
(1535,140938,NaN)
(1535,74550,NaN)
(1535,29072,NaN)
(1535,46646,NaN)
(1535,65930,NaN)
(1535,84812,NaN)
(1535,76240,NaN)
(1535,151894,NaN)
(1535,75818,NaN)
(1535,114768,NaN)
(1535,92212,NaN)
(1535,97796,NaN)
(1535,176460,NaN)
(1535,172114,NaN)
(1535,160362,NaN)
(1535,133400,NaN)
(1535,135000,NaN)
(1535,109870,NaN)
(1535,69638,NaN)
(1535,75900,NaN)
(1535,125914,NaN)
(1535,175206,NaN)
(1535,105842,NaN)
(1535,152112,NaN)
(1535,154302,NaN)
(1535,69404,NaN)
(1535,15712,NaN)
(1535,62244,NaN)
(1535,89452,NaN)
(1535,173268,NaN)
(1535,172188,NaN)
(1535,76376,NaN)
(1535,14992,NaN)
(1535,110386,NaN)
(1535,26306,NaN)
(1535,176988,NaN)
(1535,40604,NaN)
(1535,49100,NaN)
(1535,94288,NaN)
(1535,107862,NaN)
(1535,94664,NaN)
(1535,106824,NaN)
(1535,44216,NaN)
(1535,40734,NaN)
(1535,53800,NaN)
(1535,142884,NaN)
(1535,21638,NaN)
(1535,125678,NaN)
(1535,11254,NaN)
(1535,76688,NaN)
(1535,53536,NaN)
(1535,28118,NaN)
(1535,97860,NaN)
(1535,125548,NaN)
(1535,33000,NaN)
(1535,36378,NaN)
(1535,40298,NaN)
(1535,59222,NaN)
(1535,78380,NaN)
(1535,162362,NaN)
(1535,83940,NaN)
(1535,69646,NaN)
(1535,46578,NaN)
(1535,40374,NaN)
(1535,42280,NaN)
(1535,107830,NaN)
(1535,97344,NaN)
(1535,146296,NaN)
(1535,117336,NaN)
(1535,7684,NaN)
(1535,16902,NaN)
(1535,115172,NaN)
(1535,131286,NaN)
(1535,102474,NaN)
(1535,72736,NaN)
(1535,96020,NaN)
(1535,116392,NaN)
(1535,16438,NaN)
(1535,38034,NaN)
(1535,125410,NaN)
(1535,62950,NaN)
(1535,38884,NaN)
(1535,111678,NaN)
(1535,68090,NaN)
(1535,170282,NaN)
(1535,94750,NaN)
(1535,175376,NaN)
(1535,18688,NaN)
(1535,92746,NaN)
(1535,17098,NaN)
(1535,100332,NaN)
(1535,63026,NaN)
(1535,77932,NaN)
(1535,39584,NaN)
(1535,5256,NaN)
(1535,43366,NaN)
(1535,40584,NaN)
(1535,137506,NaN)
(1535,98266,NaN)
(1535,161882,NaN)
(1535,165242,NaN)
(1535,127948,NaN)
(1535,23702,NaN)
(1535,35484,NaN)
(1535,122892,NaN)
(1535,147028,NaN)
(1535,43780,NaN)
(1535,147766,NaN)
(1535,45138,NaN)
(1535,151942,NaN)
(1535,19330,NaN)
(1535,20166,NaN)
(1535,67840,NaN)
(1535,23298,NaN)
(1535,118100,NaN)
(1535,39920,NaN)
(1535,108182,NaN)
(1535,74482,NaN)
(1535,59526,NaN)
(1535,41022,NaN)
(1535,1096,NaN)
(1535,176516,NaN)
(1535,39370,NaN)
(1535,44668,NaN)
(1535,111894,NaN)
(1535,111390,NaN)
(1535,43110,NaN)
(1535,87360,NaN)
(1535,26018,NaN)
(1535,87886,NaN)
(1535,115710,NaN)
(1535,150236,NaN)
(1535,79386,NaN)
(1535,115804,NaN)
(1535,2022,NaN)
(1535,82572,NaN)
(1535,57210,NaN)
(1535,136242,NaN)
(1535,43560,NaN)
(1535,3990,NaN)
(1535,74898,NaN)
(1535,88238,NaN)
(1535,78760,NaN)
(1535,126634,NaN)
(1535,121518,NaN)
(1535,4918,NaN)
(1535,92188,NaN)
(1535,151678,NaN)
(1535,5410,NaN)
(1535,126140,NaN)
(1535,144696,NaN)
(1535,158874,NaN)
(1535,149472,NaN)
(1535,32852,NaN)
(1535,48828,NaN)
(1535,119986,NaN)
(1535,79664,NaN)
(1535,163600,NaN)
(1535,61212,NaN)
(1535,171044,NaN)
(1535,145558,NaN)
(1535,32316,NaN)
(1535,128050,NaN)
(1535,135996,NaN)
(1535,128122,NaN)
(1535,83402,NaN)
(1535,169646,NaN)
(1535,73062,NaN)
(1535,59414,NaN)
(1535,175956,NaN)
(1535,65910,NaN)
(1535,164758,NaN)
(1535,9626,NaN)
(1535,97728,NaN)
(1535,34516,NaN)
(1535,124800,NaN)
(1535,102494,NaN)
(1535,99002,NaN)
(1535,55998,NaN)
(1535,147118,NaN)
(1535,96412,NaN)
(1535,148612,NaN)
(1535,160736,NaN)
(1535,153452,NaN)
(1535,124056,NaN)
(1535,142012,NaN)
(1535,3978,NaN)
(1535,147796,NaN)
(1535,26660,NaN)
(1535,170000,NaN)
(1535,65120,NaN)
(1535,149674,NaN)
(1535,140686,NaN)
(1535,19966,NaN)
(1535,78700,NaN)
(1535,147220,NaN)
(1535,66534,NaN)
(1535,165254,NaN)
(1535,82604,NaN)
(1535,118096,NaN)
(1535,4372,NaN)
(1535,112482,NaN)
(1535,13804,NaN)
(1535,133850,NaN)
(1535,37762,NaN)
(1535,59408,NaN)
(1535,104508,NaN)
(1535,108278,NaN)
(1535,112916,NaN)
(1535,105620,NaN)
(1535,142844,NaN)
(1535,46188,NaN)
(1535,95500,NaN)
(1535,30592,NaN)
(1535,80420,NaN)
(1535,170538,NaN)
(1535,133308,NaN)
(1535,21506,NaN)
(1535,12908,NaN)
(1535,12744,NaN)
(1535,97396,NaN)
(1535,38802,NaN)
(1535,112854,NaN)
(1535,70338,NaN)
(1535,112088,NaN)
(1535,122204,NaN)
(1535,170590,NaN)
(1535,156766,NaN)
(1535,46614,NaN)
(1535,85162,NaN)
(1535,171400,NaN)
(1535,9824,NaN)
(1535,7544,NaN)
(1535,6946,NaN)
(1535,21450,NaN)
(1535,96190,NaN)
(1535,76042,NaN)
(1535,105104,NaN)
(1535,35842,NaN)
(1535,107832,NaN)
(1535,69194,NaN)
(1535,139742,NaN)
(1535,3630,NaN)
(1535,97934,NaN)
(1535,83344,NaN)
(1535,7878,NaN)
(1535,110728,NaN)
(1535,102464,NaN)
(1535,131324,NaN)
(1535,118020,NaN)
(1535,38894,NaN)
(1535,175158,NaN)
(1535,165482,NaN)
(1535,71348,NaN)
(1535,138728,NaN)
(1535,51132,NaN)
(1535,173026,NaN)
(1535,21422,NaN)
(1535,54652,NaN)
(1535,165924,NaN)
(1535,146222,NaN)
(1535,146072,NaN)
(1535,142632,NaN)
(1535,24432,NaN)
(1535,175652,NaN)
(1535,6582,NaN)
(1535,105662,NaN)
(1535,7448,NaN)
(1535,146610,NaN)
(1535,5790,NaN)
(1535,92158,NaN)
(1535,50452,NaN)
(1535,8144,NaN)
(1535,56226,NaN)
(1535,6170,NaN)
(1535,89268,NaN)
(1535,14516,NaN)
(1535,168282,NaN)
(1535,152458,NaN)
(1535,129968,NaN)
(1535,175378,NaN)
(1535,96906,NaN)
(1535,46436,NaN)
(1535,166768,NaN)
(1535,105962,NaN)
(1535,55808,NaN)
(1535,73410,NaN)
(1535,3510,NaN)
(1535,50766,NaN)
(1535,151070,NaN)
(1535,67434,NaN)
(1535,134240,NaN)
(1535,44078,NaN)
(1535,41184,NaN)
(1535,116984,NaN)
(1535,75838,NaN)
(1535,150482,NaN)
(1535,122904,NaN)
(1535,137906,NaN)
(1535,161790,NaN)
(1535,126042,NaN)
(1535,26736,NaN)
(1535,102504,NaN)
(1535,75186,NaN)
(1535,174102,NaN)
(1535,107092,NaN)
(1535,25392,NaN)
(1535,79516,NaN)
(1535,53252,NaN)
(1535,90120,NaN)
(1535,6182,NaN)
(1535,76462,NaN)
(1535,59714,NaN)
(1535,176070,NaN)
(1535,46196,NaN)
(1535,29668,NaN)
(1535,41546,NaN)
(1535,124616,NaN)
(1535,75798,NaN)
(1535,176410,NaN)
(1535,71886,NaN)
(1535,176702,NaN)
(1535,25608,NaN)
(1535,117562,NaN)
(1535,83732,NaN)
(1535,61690,NaN)
(1535,52094,NaN)
(1535,150538,NaN)
(1535,97828,NaN)
(1535,159318,NaN)
(1535,94348,NaN)
(1535,61446,NaN)
(1535,30838,NaN)
(1535,110906,NaN)
(1535,110892,NaN)
(1535,19594,NaN)
(1535,55584,NaN)
(1535,149500,NaN)
(1535,908,NaN)
(1535,34530,NaN)
(1535,9920,NaN)
(1535,19130,NaN)
(1535,63400,NaN)
(1535,35600,NaN)
(1535,16520,NaN)
(1535,37270,NaN)
(1535,12142,NaN)
(1535,102650,NaN)
(1535,104376,NaN)
(1535,142518,NaN)
(1535,21674,NaN)
(1535,16042,NaN)
(1535,36524,NaN)
(1535,66480,NaN)
(1535,101652,NaN)
(1535,99968,NaN)
(1535,8744,NaN)
(1535,3738,NaN)
(1535,25956,NaN)
(1535,19904,NaN)
(1535,30662,NaN)
(1535,153168,NaN)
(1535,55060,NaN)
(1535,33854,NaN)
(1535,86700,NaN)
(1535,30350,NaN)
(1535,148284,NaN)
(1535,109134,NaN)
(1535,109366,NaN)
(1535,34996,NaN)
(1535,6822,NaN)
(1535,122186,NaN)
(1535,167810,NaN)
(1535,146778,NaN)
(1535,102606,NaN)
(1535,69508,NaN)
(1535,42178,NaN)
(1535,43342,NaN)
(1535,83862,NaN)
(1535,79180,NaN)
(1535,22578,NaN)
(1535,166610,NaN)
(1535,173030,NaN)
(1535,20696,NaN)
(1535,17940,NaN)
(1535,119844,NaN)
(1535,37782,NaN)
(1535,132336,NaN)
(1535,6768,NaN)
(1535,59338,NaN)
(1535,153226,NaN)
(1535,140166,NaN)
(1535,115399,NaN)
(1535,63787,NaN)
(1535,28317,NaN)
(1535,120197,NaN)
(1535,169675,NaN)
(1535,175227,NaN)
(1535,139925,NaN)
(1535,169197,NaN)
(1535,161387,NaN)
(1535,40823,NaN)
(1535,107841,NaN)
(1535,139305,NaN)
(1535,46505,NaN)
(1535,86297,NaN)
(1535,37509,NaN)
(1535,107701,NaN)
(1535,133915,NaN)
(1535,23221,NaN)
(1535,153095,NaN)
(1535,85821,NaN)
(1535,166493,NaN)
(1535,24337,NaN)
(1535,54129,NaN)
(1535,142677,NaN)
(1535,106957,NaN)
(1535,12471,NaN)
(1535,170965,NaN)
(1535,165947,NaN)
(1535,92399,NaN)
(1535,82917,NaN)
(1535,178009,NaN)
(1535,58789,NaN)
(1535,83339,NaN)
(1535,6737,NaN)
(1535,83887,NaN)
(1535,44561,NaN)
(1535,8589,NaN)
(1535,30231,NaN)
(1535,9357,NaN)
(1535,151653,NaN)
(1535,25829,NaN)
(1535,20159,NaN)
(1535,78729,NaN)
(1535,107385,NaN)
(1535,81041,NaN)
(1535,82499,NaN)
(1535,58731,NaN)
(1535,144939,NaN)
(1535,112797,NaN)
(1535,114379,NaN)
(1535,32271,NaN)
(1535,102051,NaN)
(1535,173111,NaN)
(1535,60871,NaN)
(1535,17639,NaN)
(1535,44941,NaN)
(1535,35987,NaN)
(1535,74821,NaN)
(1535,120721,NaN)
(1535,99197,NaN)
(1535,111661,NaN)
(1535,116393,NaN)
(1535,62715,NaN)
(1535,50025,NaN)
(1535,49897,NaN)
(1535,10587,NaN)
(1535,11639,NaN)
(1535,79831,NaN)
(1535,114417,NaN)
(1535,31301,NaN)
(1535,114399,NaN)
(1535,141645,NaN)
(1535,1567,NaN)
(1535,102881,NaN)
(1535,169295,NaN)
(1535,39413,NaN)
(1535,139937,NaN)
(1535,15695,NaN)
(1535,84857,NaN)
(1535,136797,NaN)
(1535,2251,NaN)
(1535,59009,NaN)
(1535,16565,NaN)
(1535,40169,NaN)
(1535,106145,NaN)
(1535,172939,NaN)
(1535,75141,NaN)
(1535,101213,NaN)
(1535,127785,NaN)
(1535,83357,NaN)
(1535,132429,NaN)
(1535,88353,NaN)
(1535,9089,NaN)
(1535,117331,NaN)
(1535,123227,NaN)
(1535,65963,NaN)
(1535,172255,NaN)
(1535,152253,NaN)
(1535,83853,NaN)
(1535,131457,NaN)
(1535,66439,NaN)
(1535,117275,NaN)
(1535,120745,NaN)
(1535,41309,NaN)
(1535,119327,NaN)
(1535,14157,NaN)
(1535,23613,NaN)
(1535,97663,NaN)
(1535,118213,NaN)
(1535,146355,NaN)
(1535,176589,NaN)
(1535,47313,NaN)
(1535,177563,NaN)
(1535,138813,NaN)
(1535,20429,NaN)
(1535,39731,NaN)
(1535,117685,NaN)
(1535,27389,NaN)
(1535,48365,NaN)
(1535,79341,NaN)
(1535,74849,NaN)
(1535,17381,NaN)
(1535,133577,NaN)
(1535,4625,NaN)
(1535,32379,NaN)
(1535,50633,NaN)
(1535,142509,NaN)
(1535,155655,NaN)
(1535,54045,NaN)
(1535,6837,NaN)
(1535,56383,NaN)
(1535,41323,NaN)
(1535,34717,NaN)
(1535,120055,NaN)
(1535,24289,NaN)
(1535,51667,NaN)
(1535,18807,NaN)
(1535,49879,NaN)
(1535,45417,NaN)
(1535,61061,NaN)
(1535,64987,NaN)
(1535,2829,NaN)
(1535,143809,NaN)
(1535,86337,NaN)
(1535,139175,NaN)
(1535,88325,NaN)
(1535,165701,NaN)
(1535,162637,NaN)
(1535,121271,NaN)
(1535,116213,NaN)
(1535,126037,NaN)
(1535,137135,NaN)
(1535,102543,NaN)
(1535,4807,NaN)
(1535,171091,NaN)
(1535,41511,NaN)
(1535,46811,NaN)
(1535,122569,NaN)
(1535,53245,NaN)
(1535,56485,NaN)
(1535,72287,NaN)
(1535,57003,NaN)
(1535,72001,NaN)
(1535,80235,NaN)
(1535,50061,NaN)
(1535,24997,NaN)
(1535,17791,NaN)
(1535,101669,NaN)
(1535,78705,NaN)
(1535,58541,NaN)
(1535,153749,NaN)
(1535,14661,NaN)
(1535,65611,NaN)
(1535,122363,NaN)
(1535,92519,NaN)
(1535,120989,NaN)
(1535,39439,NaN)
(1535,148113,NaN)
(1535,154229,NaN)
(1535,62173,NaN)
(1535,45961,NaN)
(1535,46867,NaN)
(1535,154155,NaN)
(1535,60463,NaN)
(1535,64657,NaN)
(1535,177973,NaN)
(1535,108863,NaN)
(1535,679,NaN)
(1535,99811,NaN)
(1535,55843,NaN)
(1535,121243,NaN)
(1535,52431,NaN)
(1535,5015,NaN)
(1535,89921,NaN)
(1535,73475,NaN)
(1535,171161,NaN)
(1535,171245,NaN)
(1535,101913,NaN)
(1535,150029,NaN)
(1535,30043,NaN)
(1535,149761,NaN)
(1535,28881,NaN)
(1535,51895,NaN)
(1535,48673,NaN)
(1535,116677,NaN)
(1535,47867,NaN)
(1535,168475,NaN)
(1535,123015,NaN)
(1535,138799,NaN)
(1535,164559,NaN)
(1535,58091,NaN)
(1535,153963,NaN)
(1535,76435,NaN)
(1535,96787,NaN)
(1535,88331,NaN)
(1535,64621,NaN)
(1535,131959,NaN)
(1535,89333,NaN)
(1535,101887,NaN)
(1535,129875,NaN)
(1535,5253,NaN)
(1535,57047,NaN)
(1535,79913,NaN)
(1535,134875,NaN)
(1535,164081,NaN)
(1535,57135,NaN)
(1535,46809,NaN)
(1535,28753,NaN)
(1535,13155,NaN)
(1535,2481,NaN)
(1535,174755,NaN)
(1535,129503,NaN)
(1535,89915,NaN)
(1535,171957,NaN)
(1535,49707,NaN)
(1535,131253,NaN)
(1535,112021,NaN)
(1535,146261,NaN)
(1535,17187,NaN)
(1535,141707,NaN)
(1535,26489,NaN)
(1535,18925,NaN)
(1535,148999,NaN)
(1535,153141,NaN)
(1535,153071,NaN)
(1535,133301,NaN)
(1535,146725,NaN)
(1535,170673,NaN)
(1535,157419,NaN)
(1535,69147,NaN)
(1535,135001,NaN)
(1535,155799,NaN)
(1535,89745,NaN)
(1535,33491,NaN)
(1535,62365,NaN)
(1535,145,NaN)
(1535,164055,NaN)
(1535,45651,NaN)
(1535,177647,NaN)
(1535,85523,NaN)
(1535,161997,NaN)
(1535,32321,NaN)
(1535,54783,NaN)
(1535,78661,NaN)
(1535,151803,NaN)
(1535,66427,NaN)
(1535,60957,NaN)
(1535,16069,NaN)
(1535,41783,NaN)
(1535,134023,NaN)
(1535,80977,NaN)
(1535,19929,NaN)
(1535,14641,NaN)
(1535,158753,NaN)
(1535,138701,NaN)
(1535,157999,NaN)
(1535,45761,NaN)
(1535,2533,NaN)
(1535,9279,NaN)
(1535,168249,NaN)
(1535,66313,NaN)
(1535,88459,NaN)
(1535,39169,NaN)
(1535,155791,NaN)
(1535,4765,NaN)
(1535,60275,NaN)
(1535,29081,NaN)
(1535,151623,NaN)
(1535,104963,NaN)
(1535,146621,NaN)
(1535,1457,NaN)
(1535,75005,NaN)
(1535,109863,NaN)
(1535,105619,NaN)
(1535,155705,NaN)
(1535,88715,NaN)
(1535,82465,NaN)
(1535,90881,NaN)
(1535,21989,NaN)
(1535,114047,NaN)
(1535,115619,NaN)
(1535,82925,NaN)
(1535,148005,NaN)
(1535,8523,NaN)
(1535,111271,NaN)
(1535,176455,NaN)
(1535,51869,NaN)
(1535,75699,NaN)
(1535,38433,NaN)
(1535,130435,NaN)
(1535,61729,NaN)
(1535,71461,NaN)
(1535,174039,NaN)
(1535,139583,NaN)
(1535,7155,NaN)
(1535,54621,NaN)
(1535,95193,NaN)
(1535,113155,NaN)
(1535,4977,NaN)
(1535,13961,NaN)
(1535,121469,NaN)
(1535,102817,NaN)
(1535,92997,NaN)
(1535,145893,NaN)
(1535,8769,NaN)
(1535,23631,NaN)
(1535,177397,NaN)
(1535,4457,NaN)
(1535,128051,NaN)
(1535,167239,NaN)
(1535,170431,NaN)
(1535,92539,NaN)
(1535,119755,NaN)
(1535,164543,NaN)
(1535,75205,NaN)
(1535,137027,NaN)
(1535,66587,NaN)
(1535,137973,NaN)
(1535,13019,NaN)
(1535,85975,NaN)
(1535,90583,NaN)
(1535,113067,NaN)
(1535,58235,NaN)
(1535,123263,NaN)
(1535,113091,NaN)
(1535,8569,NaN)
(1535,19299,NaN)
(1535,46849,NaN)
(1535,13547,NaN)
(1535,150419,NaN)
(1535,4809,NaN)
(1535,85091,NaN)
(1535,66019,NaN)
(1535,172299,NaN)
(1535,263,NaN)
(1535,73511,NaN)
(1535,160581,NaN)
(1535,61297,NaN)
(1535,95367,NaN)
(1535,171123,NaN)
(1535,104083,NaN)
(1535,4557,NaN)
(1535,86725,NaN)
(1535,95323,NaN)
(1535,112791,NaN)
(1535,115129,NaN)
(1535,21933,NaN)
(1535,158099,NaN)
(1535,36123,NaN)
(1535,22573,NaN)
(1535,94305,NaN)
(1535,168607,NaN)
(1535,101775,NaN)
(1535,97281,NaN)
(1535,159419,NaN)
(1535,123617,NaN)
(1535,14083,NaN)
(1535,7811,NaN)
(1535,116413,NaN)
(1535,85147,NaN)
(1535,112513,NaN)
(1535,6135,NaN)
(1535,175723,NaN)
(1535,147621,NaN)
(1535,112425,NaN)
(1535,176035,NaN)
(1535,2827,NaN)
(1535,41917,NaN)
(1535,2025,NaN)
(1535,116729,NaN)
(1535,165521,NaN)
(1535,86437,NaN)
(1535,103841,NaN)
(1535,14589,NaN)
(1535,51165,NaN)
(1535,27435,NaN)
(1535,59369,NaN)
(1535,50517,NaN)
(1535,38969,NaN)
(1535,54817,NaN)
(1535,131889,NaN)
(1535,122177,NaN)
(1535,38113,NaN)
(1535,89791,NaN)
(1535,177409,NaN)
(1535,123519,NaN)
(1535,71219,NaN)
(1535,98705,NaN)
(1535,120829,NaN)
(1535,155307,NaN)
(1535,59443,NaN)
(1535,68523,NaN)
(1535,16551,NaN)
(1535,49363,NaN)
(1535,90011,NaN)
(1535,142091,NaN)
(1535,90379,NaN)
(1535,114435,NaN)
(1535,8047,NaN)
(1535,105137,NaN)
(1535,43823,NaN)
(1535,46551,NaN)
(1535,28301,NaN)
(1535,153813,NaN)
(1535,166923,NaN)
(1535,176333,NaN)
(1535,15511,NaN)
(1535,95009,NaN)
(1535,80113,NaN)
(1535,86399,NaN)
(1535,56655,NaN)
(1535,99119,NaN)
(1535,164353,NaN)
(1535,114113,NaN)
(1535,44547,NaN)
(1535,56163,NaN)
(1535,135609,NaN)
(1535,143477,NaN)
(1535,53365,NaN)
(1535,83317,NaN)
(1535,7187,NaN)
(1535,141981,NaN)
(1535,28155,NaN)
(1535,173777,NaN)
(1535,30777,NaN)
(1535,112771,NaN)
(1535,54855,NaN)
(1535,72197,NaN)
(1535,147981,NaN)
(1535,93017,NaN)
(1535,11261,NaN)
(1535,130795,NaN)
(1535,87069,NaN)
(1535,118539,NaN)
(1535,73449,NaN)
(1535,125873,NaN)
(1535,106175,NaN)
(1535,154241,NaN)
(1535,46481,NaN)
(1535,123203,NaN)
(1535,31501,NaN)
(1535,66293,NaN)
(1535,122129,NaN)
(1535,67535,NaN)
(1535,96729,NaN)
(1535,98543,NaN)
(1535,32987,NaN)
(1535,109235,NaN)
(1535,108051,NaN)
(1535,22751,NaN)
(1535,93643,NaN)
(1535,4501,NaN)
(1535,89881,NaN)
(1535,108159,NaN)
(1535,55961,NaN)
(1535,127555,NaN)
(1535,87541,NaN)
(1535,11543,NaN)
(1535,84561,NaN)
(1535,23851,NaN)
(1535,110175,NaN)
(1535,174557,NaN)
(1535,162163,NaN)
(1535,123659,NaN)
(1535,159981,NaN)
(1535,49279,NaN)
(1535,161285,NaN)
(1535,164699,NaN)
(1535,58285,NaN)
(1535,17973,NaN)
(1535,103343,NaN)
(1535,136947,NaN)
(1535,128899,NaN)
(1535,67669,NaN)
(1535,55587,NaN)
(1535,3907,NaN)
(1535,48899,NaN)
(1535,22997,NaN)
(1535,124403,NaN)
(1535,11801,NaN)
(1535,52677,NaN)
(1535,175409,NaN)
(1535,47229,NaN)
(1535,4491,NaN)
(1535,114549,NaN)
(1535,124887,NaN)
(1535,27397,NaN)
(1535,163885,NaN)
(1535,135243,NaN)
(1535,111223,NaN)
(1535,16873,NaN)
(1535,107689,NaN)
(1535,94203,NaN)
(1535,14547,NaN)
(1535,70415,NaN)
(1535,86319,NaN)
(1535,41261,NaN)
(1535,158313,NaN)
(1535,48031,NaN)
(1535,141113,NaN)
(1535,93541,NaN)
(1535,53699,NaN)
(1535,121669,NaN)
(1535,149633,NaN)
(1535,107391,NaN)
(1535,77159,NaN)
(1535,12337,NaN)
(1535,49989,NaN)
(1535,81183,NaN)
(1535,54143,NaN)
(1535,102537,NaN)
(1535,83867,NaN)
(1535,6849,NaN)
(1535,48355,NaN)
(1535,40825,NaN)
(1535,66097,NaN)
(1535,34435,NaN)
(1535,40029,NaN)
(1535,107653,NaN)
(1535,160821,NaN)
(1535,127023,NaN)
(1535,125995,NaN)
(1535,159505,NaN)
(1535,140701,NaN)
(1535,44441,NaN)
(1535,103591,NaN)
(1535,102295,NaN)
(1535,171913,NaN)
(1535,16851,NaN)
(1535,80253,NaN)
(1535,134949,NaN)
(1535,125703,NaN)
(1535,108741,NaN)
(1535,46341,NaN)
(1535,147673,NaN)
(1535,108069,NaN)
(1535,154317,NaN)
(1535,12171,NaN)
(1535,33815,NaN)
(1535,141105,NaN)
(1535,138443,NaN)
(1535,83571,NaN)
(1535,9901,NaN)
(1535,28095,NaN)
(1535,76681,NaN)
(1535,107065,NaN)
(1535,92985,NaN)
(1535,41269,NaN)
(1535,8981,NaN)
(1535,14095,NaN)
(1535,93859,NaN)
(1535,97995,NaN)
(1535,154919,NaN)
(1535,140745,NaN)
(1535,91717,NaN)
(1535,98415,NaN)
(1535,113187,NaN)
(1535,11747,NaN)
(1535,1485,NaN)
(1535,163211,NaN)
(1535,34971,NaN)
(1535,20571,NaN)
(1535,73243,NaN)
(1535,49671,NaN)
(1535,37209,NaN)
(1535,177653,NaN)
(1535,1975,NaN)
(1535,19257,NaN)
(1535,90165,NaN)
(1535,86735,NaN)
(1535,137807,NaN)
(1535,16247,NaN)
(1535,61361,NaN)
(1535,33117,NaN)
(1535,174649,NaN)
(1535,161819,NaN)
(1535,39537,NaN)
(1535,155317,NaN)
(1535,56169,NaN)
(1535,77559,NaN)
(1535,164225,NaN)
(1535,139541,NaN)
(1535,134233,NaN)
(1535,36853,NaN)
(1535,27315,NaN)
(1535,116005,NaN)
(1535,149459,NaN)
(1535,112267,NaN)
(1535,175047,NaN)
(1535,39331,NaN)
(1535,113053,NaN)
(1535,74639,NaN)
(1535,84607,NaN)
(1535,140555,NaN)
(1535,38435,NaN)
(1535,92561,NaN)
(1535,56369,NaN)
(1535,121911,NaN)
(1535,85315,NaN)
(1535,28035,NaN)
(1535,106497,NaN)
(1535,113025,NaN)
(1535,157207,NaN)
(1535,152237,NaN)
(1535,24281,NaN)
(1535,82079,NaN)
(1535,47533,NaN)
(1535,96727,NaN)
(1535,59621,NaN)
(1535,16279,NaN)
(1535,119305,NaN)
(1535,93765,NaN)
(1535,31683,NaN)
(1535,109023,NaN)
(1535,165241,NaN)
(1535,17635,NaN)
(1535,85913,NaN)
(1535,89857,NaN)
(1535,123647,NaN)
(1535,50539,NaN)
(1535,140641,NaN)
(1535,176247,NaN)
(1535,98047,NaN)
(1535,42469,NaN)
(1535,173177,NaN)
(1535,75875,NaN)
(1535,3423,NaN)
(1535,60759,NaN)
(1535,157095,NaN)
(1535,160895,NaN)
(1535,41531,NaN)
(1535,18505,NaN)
(1535,137963,NaN)
(1535,118439,NaN)
(1535,159027,NaN)
(1535,57169,NaN)
(1535,34031,NaN)
(1535,39619,NaN)
(1535,156047,NaN)
(1535,130251,NaN)
(1535,11217,NaN)
(1535,18781,NaN)
(1535,96781,NaN)
(1535,49869,NaN)
(1535,124163,NaN)
(1535,4445,NaN)
(1535,6727,NaN)
(1535,171467,NaN)
(1535,96867,NaN)
(1535,114925,NaN)
(1535,134581,NaN)
(1535,41055,NaN)
(1535,77811,NaN)
(1535,166515,NaN)
(1535,39457,NaN)
(1535,81159,NaN)
(1535,94231,NaN)
(1535,58523,NaN)
(1535,73619,NaN)
(1535,4269,NaN)
(1535,105949,NaN)
(1535,124651,NaN)
(1535,10049,NaN)
(1535,108479,NaN)
(1535,129527,NaN)
(1535,148963,NaN)
(1535,172111,NaN)
(1535,6077,NaN)
(1535,64789,NaN)
(1535,156211,NaN)
(1535,159291,NaN)
(1535,161391,NaN)
(1535,57911,NaN)
(1535,26641,NaN)
(1535,28501,NaN)
(1535,121735,NaN)
(1535,147473,NaN)
(1535,70693,NaN)
(1535,112481,NaN)
(1535,176015,NaN)
(1535,13215,NaN)
(1535,23083,NaN)
(1535,165589,NaN)
(1535,89357,NaN)
(1535,46033,NaN)
(1535,138941,NaN)
(1535,53691,NaN)
(1535,114395,NaN)
(1535,172259,NaN)
(1535,50271,NaN)
(1535,43805,NaN)
(1535,47213,NaN)
(1535,152205,NaN)
(1535,117665,NaN)
(1535,110321,NaN)
(1535,105653,NaN)
(1535,54309,NaN)
(1535,90989,NaN)
(1535,8795,NaN)
(1535,84675,NaN)
(1535,96309,NaN)
(1535,10203,NaN)
(1535,23947,NaN)
(1535,68681,NaN)
(1535,111879,NaN)
(1535,73607,NaN)
(1535,131737,NaN)
(1535,15641,NaN)
(1535,69749,NaN)
(1535,168361,NaN)
(1535,44067,NaN)
(1535,156555,NaN)
(1535,69019,NaN)
(1535,65465,NaN)
(1535,18893,NaN)
(1535,118683,NaN)
(1535,105293,NaN)
(1535,35999,NaN)
(1535,7107,NaN)
(1535,61887,NaN)
(1535,141275,NaN)
(1535,161399,NaN)
(1535,21893,NaN)
(1535,3211,NaN)
(1535,110353,NaN)
(1535,68965,NaN)
(1535,74013,NaN)
(1535,112715,NaN)
(1535,45199,NaN)
(1535,69747,NaN)
(1535,109313,NaN)
(1535,110929,NaN)
(1535,45897,NaN)
(1535,139365,NaN)
(1535,85319,NaN)
(1535,29381,NaN)
(1535,129677,NaN)
(1535,70663,NaN)
(1535,86039,NaN)
(1535,127269,NaN)
(1535,58559,NaN)
(1535,127295,NaN)
(1535,170011,NaN)
(1535,143821,NaN)
(1535,138525,NaN)
(1535,555,NaN)
(1535,115289,NaN)
(1535,107987,NaN)
(1535,31571,NaN)
(1535,2127,NaN)
(1535,88429,NaN)
(1535,73403,NaN)
(1535,117835,NaN)
(1535,141079,NaN)
(1535,110193,NaN)
(1535,59051,NaN)
(1535,151505,NaN)
(1535,83941,NaN)
(1535,85359,NaN)
(1535,76677,NaN)
(1535,35057,NaN)
(1535,49567,NaN)
(1535,158035,NaN)
(1535,109861,NaN)
(1535,2327,NaN)
(1535,125479,NaN)
(1535,27191,NaN)
(1535,18963,NaN)
(1535,108501,NaN)
(1535,79357,NaN)
(1535,145941,NaN)
(1535,127685,NaN)
(1535,38589,NaN)
(1535,168317,NaN)
(1535,39037,NaN)
(1535,31035,NaN)
(1535,130611,NaN)
(1535,52279,NaN)
(1535,157249,NaN)
(1535,23115,NaN)
(1535,85539,NaN)
(1535,162821,NaN)
(1535,36343,NaN)
(1535,118903,NaN)
(1535,30947,NaN)
(1535,36025,NaN)
(1535,20361,NaN)
(1535,29651,NaN)
(1535,89493,NaN)
(1535,40893,NaN)
(1535,47005,NaN)
(1535,151883,NaN)
(1535,142661,NaN)
(1535,57863,NaN)
(1535,103833,NaN)
(1535,83381,NaN)
(1535,22299,NaN)
(1535,76159,NaN)
(1535,149113,NaN)
(1535,115547,NaN)
(1535,112821,NaN)
(1535,135443,NaN)
(1535,36621,NaN)
(1535,139765,NaN)
(1535,66777,NaN)
(1535,13197,NaN)
(1535,131985,NaN)
(1535,57871,NaN)
(1535,2523,NaN)
(1535,154133,NaN)
(1535,49229,NaN)
(1535,152033,NaN)
(1535,93695,NaN)
(1535,20527,NaN)
(1535,146663,NaN)
(1535,86263,NaN)
(1535,66803,NaN)
(1535,136267,NaN)
(1535,17145,NaN)
(1535,18913,NaN)
(1535,47529,NaN)
(1535,76295,NaN)
(1535,42713,NaN)
(1535,103507,NaN)
(1535,53285,NaN)
(1535,3381,NaN)
(1535,170379,NaN)
(1535,154109,NaN)
(1535,64605,NaN)
(1535,174629,NaN)
(1535,122487,NaN)
(1535,119919,NaN)
(1535,63265,NaN)
(1535,174655,NaN)
(1535,119625,NaN)
(1535,22581,NaN)
(1535,137499,NaN)
(1535,27931,NaN)
(1535,142077,NaN)
(1535,65089,NaN)
(1535,10513,NaN)
(1535,141873,NaN)
(1535,126171,NaN)
(1535,575,NaN)
(1535,1057,NaN)
(1535,110067,NaN)
(1535,27563,NaN)
(1535,54577,NaN)
(1535,165467,NaN)
(1535,64437,NaN)
(1535,94329,NaN)
(1535,82327,NaN)
(1535,153537,NaN)
(1535,112533,NaN)
(1535,120043,NaN)
(1535,121711,NaN)
(1535,76993,NaN)
(1535,68769,NaN)
(1535,172695,NaN)
(1535,177991,NaN)
(1535,127845,NaN)
(1535,82765,NaN)
(1535,135641,NaN)
(1535,5281,NaN)
(1535,2813,NaN)
(1535,86977,NaN)
(1535,9965,NaN)
(1535,114915,NaN)
(1535,153033,NaN)
(1535,138645,NaN)
(1535,37637,NaN)
(1535,26681,NaN)
(1535,39321,NaN)
(1535,102957,NaN)
(1535,113589,NaN)
(1535,105109,NaN)
(1535,105891,NaN)
(1535,105643,NaN)
(1535,19907,NaN)
(1535,18125,NaN)
(1535,66847,NaN)
(1535,34431,NaN)
(1535,74605,NaN)
(1535,123473,NaN)
(1535,35833,NaN)
(1535,28145,NaN)
(1535,2779,NaN)
(1535,45959,NaN)
(1535,65557,NaN)
(1535,161673,NaN)
(1535,83159,NaN)
(1535,54385,NaN)
(1535,113723,NaN)
(1535,51837,NaN)
(1535,11325,NaN)
(1535,62247,NaN)
(1535,95719,NaN)
(1535,126657,NaN)
(1535,21097,NaN)
(1535,15315,NaN)
(1535,63443,NaN)
(1535,40497,NaN)
(1535,170925,NaN)
(1535,76633,NaN)
(1535,85133,NaN)
(1535,148331,NaN)
(1535,154637,NaN)
(1535,107513,NaN)
(1535,29289,NaN)
(1535,134701,NaN)
(1535,122375,NaN)
(1535,172755,NaN)
(1535,103609,NaN)
(1535,98317,NaN)
(1535,8157,NaN)
(1535,27635,NaN)
(1535,73521,NaN)
(1535,131867,NaN)
(1535,109081,NaN)
(1535,97107,NaN)
(1535,13465,NaN)
(1535,100585,NaN)
(1535,123573,NaN)
(1535,58733,NaN)
(1535,160313,NaN)
(1535,67743,NaN)
(1535,31985,NaN)
(1535,139061,NaN)
(1535,168487,NaN)
(1535,172479,NaN)
(1535,45705,NaN)
(1535,138291,NaN)
(1535,144215,NaN)
(1535,117011,NaN)
(1535,141435,NaN)
(1535,52011,NaN)
(1535,82111,NaN)
(1535,20101,NaN)
(1535,98859,NaN)
(1535,60621,NaN)
(1535,32315,NaN)
(1535,10549,NaN)
(1535,39025,NaN)
(1535,101637,NaN)
(1535,140703,NaN)
(1535,91983,NaN)
(1535,114569,NaN)
(1535,160169,NaN)
(1535,127633,NaN)
(1535,36567,NaN)
(1535,101325,NaN)
(1535,118045,NaN)
(1535,139947,NaN)
(1535,29853,NaN)
(1535,118787,NaN)
(1535,33663,NaN)
(1535,20249,NaN)
(1535,20049,NaN)
(1535,35453,NaN)
(1535,134757,NaN)
(1535,39453,NaN)
(1535,38401,NaN)
(1535,170741,NaN)
(1535,116745,NaN)
(1535,140463,NaN)
(1535,53751,NaN)
(1535,130761,NaN)
(1535,48585,NaN)
(1535,104173,NaN)
(1535,174421,NaN)
(1535,36033,NaN)
(1535,167377,NaN)
(1535,85677,NaN)
(1535,104191,NaN)
(1535,144471,NaN)
(1535,34563,NaN)
(1535,172773,NaN)
(1535,47857,NaN)
(1535,165179,NaN)
(1535,115879,NaN)
(1535,168105,NaN)
(1535,129077,NaN)
(1535,154075,NaN)
(1535,53343,NaN)
(1535,82189,NaN)
(1535,126939,NaN)
(1535,104341,NaN)
(1535,98719,NaN)
(1535,85527,NaN)
(1535,12947,NaN)
(1535,11865,NaN)
(1535,99411,NaN)
(1535,71333,NaN)
(1535,109949,NaN)
(1535,21563,NaN)
(1535,73395,NaN)
(1535,144627,NaN)
(1535,123769,NaN)
(1535,174133,NaN)
(1535,100083,NaN)
(1535,98497,NaN)
(1535,65153,NaN)
(1535,11111,NaN)
(1535,92395,NaN)
(1535,99081,NaN)
(1535,101473,NaN)
(1535,70931,NaN)
(1535,6567,NaN)
(1535,131595,NaN)
(1535,153883,NaN)
(1535,21837,NaN)
(1535,142209,NaN)
(1535,60917,NaN)
(1535,104621,NaN)
(1535,81939,NaN)
(1535,115691,NaN)
(1535,34399,NaN)
(1535,50819,NaN)
(1535,123633,NaN)
(1535,4093,NaN)
(1535,166387,NaN)
(1535,45319,NaN)
(1535,128063,NaN)
(1535,117109,NaN)
(1535,89565,NaN)
(1535,77645,NaN)
(1535,69153,NaN)
(1535,7829,NaN)
(1535,94743,NaN)
(1535,119075,NaN)
(1535,122223,NaN)
(1535,65831,NaN)
(1535,73483,NaN)
(1535,135317,NaN)
(1535,135007,NaN)
(1535,67651,NaN)
(1535,44129,NaN)
(1535,40045,NaN)
(1535,99525,NaN)
(1535,144457,NaN)
(1535,173137,NaN)
(1535,177153,NaN)
(1535,79125,NaN)
(1535,97517,NaN)
(1535,152859,NaN)
(1535,79443,NaN)
(1535,41627,NaN)
(1535,15635,NaN)
(1535,81807,NaN)
(1535,2273,NaN)
(1535,97641,NaN)
(1535,7851,NaN)
(1535,145857,NaN)
(1535,74647,NaN)
(1535,58209,NaN)
(1535,98793,NaN)
(1535,116657,NaN)
(1535,115257,NaN)
(1535,129983,NaN)
(1535,123793,NaN)
(1535,25839,NaN)
(1535,57629,NaN)
(1535,128927,NaN)
(1535,1741,NaN)
(1535,151153,NaN)
(1535,24851,NaN)
(1535,124517,NaN)
(1535,164665,NaN)
(1535,150803,NaN)
(1535,49803,NaN)
(1535,78957,NaN)
(1535,35227,NaN)
(1535,40333,NaN)
(1535,155127,NaN)
(1535,126119,NaN)
(1535,102751,NaN)
(1535,148841,NaN)
(1535,106857,NaN)
(1535,136451,NaN)
(1535,81099,NaN)
(1535,120819,NaN)
(1535,156863,NaN)
(1535,83677,NaN)
(1535,171739,NaN)
(1535,146919,NaN)
(1535,142791,NaN)
(1535,133255,NaN)
(1535,160147,NaN)
(1535,84409,NaN)
(1535,81013,NaN)
(1535,66469,NaN)
(1535,135455,NaN)
(1535,176937,NaN)
(1535,10523,NaN)
(1535,61549,NaN)
(1535,144469,NaN)
(1535,148801,NaN)
(1535,171865,NaN)
(1535,98999,NaN)
(1535,142039,NaN)
(1535,108785,NaN)
(1535,71215,NaN)
(1535,191,NaN)
(1535,169947,NaN)
(1535,34107,NaN)
(1535,2469,NaN)
(1535,66783,NaN)
(1535,22459,NaN)
(1535,46497,NaN)
(1535,33181,NaN)
(1535,81601,NaN)
(1535,136007,NaN)
(1535,4417,NaN)
(1535,115,NaN)
(1535,23615,NaN)
(1535,72555,NaN)
(1535,36293,NaN)
(1535,138147,NaN)
(1535,137313,NaN)
(1535,125211,NaN)
(1535,152475,NaN)
(1535,90273,NaN)
(1535,111759,NaN)
(1535,111911,NaN)
(1535,27371,NaN)
(1535,56041,NaN)
(1535,117359,NaN)
(1535,148503,NaN)
(1535,163271,NaN)
(1535,111321,NaN)
(1535,39513,NaN)
(1535,22255,NaN)
(1535,55757,NaN)
(1535,145065,NaN)
(1535,36617,NaN)
(1535,75785,NaN)
(1535,126683,NaN)
(1535,64735,NaN)
(1535,22719,NaN)
(1535,92463,NaN)
(1535,10419,NaN)
(1535,45115,NaN)
(1535,118225,NaN)
(1535,118987,NaN)
(1535,153569,NaN)
(1535,55963,NaN)
(1535,67813,NaN)
(1535,12587,NaN)
(1535,66767,NaN)
(1535,129085,NaN)
(1535,49483,NaN)
(1535,82495,NaN)
(1535,100297,NaN)
(1535,128083,NaN)
(1535,12889,NaN)
(1535,161099,NaN)
(1535,10861,NaN)
(1535,173211,NaN)
(1535,10617,NaN)
(1535,16723,NaN)
(1535,52879,NaN)
(1535,53249,NaN)
(1535,146349,NaN)
(1535,44025,NaN)
(1535,105865,NaN)
(1535,143897,NaN)
(1535,29799,NaN)
(1535,42859,NaN)
(1535,177221,NaN)
(1535,13373,NaN)
(1535,68631,NaN)
(1535,166581,NaN)
(1535,103445,NaN)
(1535,118047,NaN)
(1535,64763,NaN)
(1535,37667,NaN)
(1535,90143,NaN)
(1535,61011,NaN)
(1535,137561,NaN)
(1535,176909,NaN)
(1535,32029,NaN)
(1535,147413,NaN)
(1535,23315,NaN)
(1535,4335,NaN)
(1535,98835,NaN)
(1535,56459,NaN)
(1535,170801,NaN)
(1535,13421,NaN)
(1535,3431,NaN)
(1535,103651,NaN)
(1535,126217,NaN)
(1535,148241,NaN)
(1535,29997,NaN)
(1535,159425,NaN)
(1535,115109,NaN)
(1535,19385,NaN)
(1535,100195,NaN)
(1535,84909,NaN)
(1535,160231,NaN)
(1535,114797,NaN)
(1535,55783,NaN)
(1535,158205,NaN)
